ModelFile;PositionX;PositionY;PositionZ;RotationX;RotationY;RotationZ;RotationW;ScaleFactor;ModelId;Type;FileDataID;DoodadSetIndexes;DoodadSetNames
..\..\world\khazmodan\ironforge\passivedoodads\trees\wintertree01.m2;16608.541015625;383.9180908203125;22403.03125;0;237.46572875976562;0;;1.609375;52241;m2;203285;0;
..\..\world\khazmodan\ironforge\passivedoodads\trees\wintertree05.m2;16654.564453125;389.16845703125;22484.748046875;0;352.089599609375;0;;1.1845703125;52211;m2;203290;0;
..\..\world\khazmodan\ironforge\passivedoodads\trees\wintertree05.m2;16756.791015625;395.7553405761719;22594.00390625;0;31.48779296875;0;;1.12109375;51961;m2;203290;0;
..\..\world\khazmodan\ironforge\passivedoodads\trees\wintertree05.m2;16568.701171875;387.3240661621094;22723.8125;0;343.11346435546875;0;;1.0859375;51963;m2;203290;0;
..\..\world\khazmodan\ironforge\passivedoodads\trees\wintertree05.m2;16738.3359375;397.55963134765625;22392.162109375;0;297.80450439453125;0;;1;51955;m2;203290;0;
..\..\world\khazmodan\ironforge\passivedoodads\trees\wintertree05.m2;16882.052734375;390.1524658203125;22484.83984375;0;240.025634765625;0;;0.962890625;52803;m2;203290;0;
..\..\world\khazmodan\ironforge\passivedoodads\trees\wintertree05.m2;16659.794921875;385.9629211425781;22587.82421875;0;79.664306640625;0;;0.9619140625;52054;m2;203290;0;
..\..\world\khazmodan\ironforge\passivedoodads\trees\wintertree01.m2;16652.251953125;379.9770812988281;22666.197265625;0;195.1448974609375;0;;1.2099609375;52049;m2;203285;0;
..\..\world\khazmodan\ironforge\passivedoodads\trees\wintertree01.m2;16753.201171875;396.9718017578125;22539.88671875;0;5.141754150390625;0;;1.154296875;52151;m2;203285;0;
..\..\world\khazmodan\ironforge\passivedoodads\trees\wintertree01.m2;16806.888671875;375.5643005371094;22814.05078125;0;145.30963134765625;0;;1.1396484375;51964;m2;203285;0;
..\..\world\khazmodan\ironforge\passivedoodads\trees\ironforgepine01.m2;16560.923828125;385.3193664550781;22395.90234375;0;73.52276611328125;0;;1.4345703125;52247;m2;203255;0;
..\..\world\khazmodan\ironforge\passivedoodads\trees\wintertree01.m2;16799.912109375;394.3780822753906;22672.935546875;0;287.3781433105469;0;;1.103515625;52029;m2;203285;0;
..\..\world\khazmodan\ironforge\passivedoodads\trees\wintertree05.m2;16951.580078125;396.03839111328125;22970.28515625;0;47.922271728515625;0;;0.8291015625;50633;m2;203290;0;
..\..\world\khazmodan\ironforge\passivedoodads\trees\wintertree01.m2;17025.96875;361.9853515625;22861.591796875;0;7.6051025390625;0;;1.052734375;51289;m2;203285;0;
..\..\world\khazmodan\ironforge\passivedoodads\trees\wintertree01.m2;16914.78125;395.6635437011719;22881.802734375;0;358.14324951171875;0;;1.0439453125;50642;m2;203285;0;
..\..\world\khazmodan\ironforge\passivedoodads\trees\wintertree01.m2;16816.111328125;397.0986328125;22520.69140625;0;112.470458984375;0;;1.03125;52223;m2;203285;0;
..\..\world\khazmodan\ironforge\passivedoodads\trees\wintertree01.m2;17064.4296875;409.78668212890625;22733.33984375;0;26.46685791015625;0;;1.0283203125;51657;m2;203285;0;
..\..\world\critter\birds\bird02.m2;16632.755859375;382.7112731933594;22584.69921875;0;13.82122802734375;0;;1;126118;m2;190720;0;
..\..\world\critter\birds\bird02.m2;16931.08203125;480.2171325683594;22618.697265625;0;343.11346435546875;0;;1;126100;m2;190720;0;
..\..\world\critter\birds\bird02.m2;16825.814453125;393.49993896484375;22400.609375;0;280.006103515625;0;;1;126103;m2;190720;0;
..\..\world\khazmodan\ironforge\passivedoodads\trees\wintertree02.m2;16730.28515625;396.060791015625;22775.24609375;0;161.89947509765625;0;;1.21484375;52016;m2;203286;0;
..\..\world\critter\birds\bird02.m2;16823.841796875;403.9447021484375;22394.96875;0;240.89358520507812;0;;1;126105;m2;190720;0;
..\..\world\khazmodan\ironforge\passivedoodads\trees\ironforgepine01.m2;16702.689453125;390.2332458496094;22751.7734375;0;310.39520263671875;0;;1.2451171875;52006;m2;203255;0;
..\..\world\khazmodan\ironforge\passivedoodads\trees\wintertree03.m2;16945.642578125;402.4615783691406;22531.15234375;0;102.30780029296875;0;;1.205078125;52835;m2;203287;0;
..\..\world\khazmodan\ironforge\passivedoodads\trees\wintertree03.m2;16928.310546875;384.661865234375;22863.25;0;255.71456909179688;0;;1.1923828125;50644;m2;203287;0;
..\..\world\khazmodan\ironforge\passivedoodads\trees\wintertree02.m2;16698.8046875;436.4838562011719;22930.537109375;0;107.8121566772461;0;;1.16796875;360629;m2;203286;0;
..\..\world\khazmodan\ironforge\passivedoodads\trees\wintertree03.m2;16945.193359375;390.2247314453125;22928.06640625;0;223.2489776611328;0;;1.181640625;50639;m2;203287;0;
..\..\world\khazmodan\ironforge\passivedoodads\trees\wintertree03.m2;16923.884765625;387.7408752441406;22396.171875;0;160.99853515625;0;;1.181640625;49936;m2;203287;0;
..\..\world\khazmodan\ironforge\passivedoodads\trees\wintertree04.m2;16957.611328125;388.5079345703125;22462.140625;75.99998474121094;266.2732849121094;98.5;;1.2255859375;52777;m2;203288;0;
..\..\world\critter\birds\bird02.m2;16831.962890625;387.8888244628906;22400.00390625;0;217.6018524169922;0;;1;126104;m2;190720;0;
..\..\world\khazmodan\ironforge\passivedoodads\trees\wintertree03.m2;16572.65234375;384.7865905761719;22415.837890625;0;357.0665283203125;0;;1.166015625;52249;m2;203287;0;
..\..\world\khazmodan\ironforge\passivedoodads\trees\wintertree03.m2;16874.60546875;404.3447570800781;22693.78515625;0;281.1926574707031;0;;1.1650390625;52036;m2;203287;0;
..\..\world\khazmodan\ironforge\passivedoodads\trees\wintertree04.m2;16688.103515625;392.5787658691406;22759.841796875;25;121.17062377929688;-100.49999237060547;;1.205078125;52028;m2;203288;0;
..\..\world\khazmodan\ironforge\passivedoodads\trees\ironforgepine01.m2;16540.18359375;389.66265869140625;22589.638671875;0;49.103515625;0;;1.1787109375;52165;m2;203255;0;
..\..\world\critter\birds\bird02.m2;16685.0859375;396.6293029785156;22646.67578125;0;309.4283447265625;0;;1;126117;m2;190720;0;
..\..\world\critter\birds\bird02.m2;16684.69921875;414.7626037597656;22442.185546875;0;230.12664794921875;0;;1;126119;m2;190720;0;
..\..\world\khazmodan\ironforge\passivedoodads\trees\wintertree04.m2;17072.779296875;427.05047607421875;22645.708984375;0;220.51329040527344;0;;1.248046875;51618;m2;203288;0;
..\..\world\critter\birds\bird02.m2;16691.359375;406.9930114746094;22622.857421875;0;319.8924255371094;0;;1;126116;m2;190720;0;
..\..\world\critter\birds\bird02.m2;16978.1875;494.5124816894531;22619.90625;0;310.6808776855469;0;;1;126099;m2;190720;0;
..\..\world\khazmodan\ironforge\passivedoodads\trees\wintertree01.m2;16989.134765625;389.33245849609375;22452.359375;0;320.9753723144531;0;;0.9033203125;52778;m2;203285;0;
..\..\world\khazmodan\ironforge\passivedoodads\trees\wintertree02.m2;16526.166015625;388.0541687011719;22676.72265625;0;54.07635498046875;0;;1.1025390625;52118;m2;203286;0;
..\..\world\khazmodan\ironforge\passivedoodads\trees\wintertree03.m2;17006.8671875;397.96087646484375;22730.015625;0;30.10345458984375;0;;1.1142578125;51656;m2;203287;0;
..\..\world\khazmodan\ironforge\passivedoodads\trees\wintertree04.m2;16982.1015625;382.214599609375;22766.2734375;0;311.3949890136719;0;;1.2001953125;51649;m2;203288;0;
..\..\world\khazmodan\ironforge\passivedoodads\trees\wintertree01.m2;16549.6015625;386.99554443359375;22557.64453125;0;247.71673583984375;0;;0.8759765625;52166;m2;203285;0;
..\..\world\khazmodan\ironforge\passivedoodads\trees\wintertree03.m2;16597.46875;385.9593811035156;22724.6875;0;143.738525390625;0;;1.09765625;52085;m2;203287;0;
..\..\world\khazmodan\ironforge\passivedoodads\trees\wintertree01.m2;16511.71875;394.7018737792969;22788.81640625;0;95.556396484375;0;;0.8759765625;52079;m2;203285;0;
..\..\world\khazmodan\ironforge\passivedoodads\trees\ironforgepine01.m2;16808.685546875;395.9755554199219;22599.60546875;0;144.32080078125;0;;1.1123046875;52144;m2;203255;0;
..\..\world\khazmodan\ironforge\passivedoodads\trees\ironforgepine01.m2;17065.578125;358.4735412597656;22904.634765625;0;272.8098449707031;0;;1.1015625;51283;m2;203255;0;
..\..\world\khazmodan\ironforge\passivedoodads\trees\wintertree04.m2;16506.76171875;388.5216979980469;22638.947265625;-34.500003814697266;162.151123046875;98.5;;1.1064453125;52183;m2;203288;0;
..\..\world\khazmodan\ironforge\passivedoodads\trees\wintertree03.m2;16537.09765625;385.06610107421875;22696.6640625;0;345.234375;0;;1.0302734375;52172;m2;203287;0;
..\..\world\khazmodan\ironforge\passivedoodads\trees\wintertree04.m2;16774.029296875;396.8775939941406;22605.66015625;1.500001072883606;39.47509765625;-8.000003814697266;;1.080078125;52152;m2;203288;0;
..\..\world\kalimdor\winterspring\passivedoodads\winterspringfallentrees\winterspringfallentree01.m2;16762.986328125;388.6423645019531;22792.193359375;13.500004768371582;129.151123046875;9.5;;1;52017;m2;202873;0;
..\..\world\khazmodan\ironforge\passivedoodads\trees\wintertree03.m2;16699.095703125;446.8944091796875;22945.318359375;0;197.57810974121094;0;;1.01953125;360633;m2;203287;0;
..\..\world\khazmodan\ironforge\passivedoodads\trees\wintertree02.m2;16992.90625;379.6637878417969;22784.34765625;0;0;0;;1;51661;m2;203286;0;
..\..\world\khazmodan\ironforge\passivedoodads\trees\wintertree02.m2;16720.33203125;396.1615295410156;22450.544921875;0;90.80157470703125;0;;0.9921875;52767;m2;203286;0;
..\..\world\khazmodan\ironforge\passivedoodads\trees\wintertree04.m2;16535.1640625;394.86181640625;22794.255859375;0;304.033935546875;0;;1.0966796875;52099;m2;203288;0;
..\..\world\khazmodan\ironforge\passivedoodads\trees\wintertree03.m2;17005.07421875;399.6271057128906;22504.5703125;0;0;0;;1;52843;m2;203287;0;
..\..\world\khazmodan\ironforge\passivedoodads\trees\wintertree01.m2;16616.607421875;393.06317138671875;22776.9453125;0;162.03131103515625;0;;0.7939453125;52020;m2;203285;0;
..\..\world\khazmodan\ironforge\passivedoodads\trees\wintertree03.m2;16555.376953125;392.52783203125;22787;0;5.29559326171875;0;;0.9931640625;52097;m2;203287;0;
..\..\world\khazmodan\ironforge\passivedoodads\trees\ironforgepine01.m2;16766.3359375;386.8795471191406;22736.8984375;0;1;0;;1;52067;m2;203255;0;
..\..\world\khazmodan\ironforge\passivedoodads\trees\ironforgepine01.m2;16850.666015625;379.0086975097656;22864.125;0;48.20947265625;0;;0.998046875;51971;m2;203255;0;
..\..\world\khazmodan\ironforge\passivedoodads\trees\wintertree02.m2;16914.3984375;399.8825378417969;22570.3828125;0;214.8717498779297;0;;0.9599609375;52125;m2;203286;0;
..\..\world\khazmodan\ironforge\passivedoodads\trees\wintertree01.m2;16790.076171875;381.2756652832031;22875.87890625;0;282.24072265625;0;;0.7744140625;51998;m2;203285;0;
..\..\world\khazmodan\ironforge\passivedoodads\trees\wintertree01.m2;16951.783203125;389.6370544433594;22941.28125;0;168.64874267578125;0;;0.767578125;50634;m2;203285;0;
..\..\world\khazmodan\ironforge\passivedoodads\trees\ironforgepine01.m2;17059.03125;390.9157409667969;22430.169921875;0;230.0167694091797;0;;0.978515625;52757;m2;203255;0;
..\..\world\khazmodan\ironforge\passivedoodads\trees\wintertree01.m2;16924.84765625;392.69927978515625;22478.873046875;0;271.65625;0;;0.759765625;52814;m2;203285;0;
..\..\world\khazmodan\ironforge\passivedoodads\trees\wintertree01.m2;16699.392578125;395.99810791015625;22497.14453125;0;214.86639404296875;0;;0.7587890625;52212;m2;203285;0;
..\..\world\khazmodan\ironforge\passivedoodads\trees\ironforgepine01.m2;16900.26953125;396.4360656738281;22581.0546875;0;232.90628051757812;0;;0.95703125;52123;m2;203255;0;
..\..\world\khazmodan\ironforge\passivedoodads\trees\wintertree03.m2;16948.974609375;380.90423583984375;22777.27734375;0;19.017913818359375;0;;0.9365234375;51323;m2;203287;0;
..\..\world\khazmodan\ironforge\passivedoodads\trees\ironforgetree02.m2;16737.755859375;396.4670715332031;22558.11328125;0;42.00201416015625;0;;1.228515625;52150;m2;203260;0;
..\..\world\khazmodan\ironforge\passivedoodads\trees\wintertree03.m2;16693.494140625;435.7029724121094;22925.890625;0;50.5054931640625;0;;0.9267578125;360630;m2;203287;0;
..\..\world\khazmodan\ironforge\passivedoodads\trees\ironforgetree02.m2;16860.20703125;401.7285461425781;22601.5625;0;63.261199951171875;0;;1.2236328125;52131;m2;203260;0;
..\..\world\khazmodan\ironforge\passivedoodads\trees\wintertree04.m2;16996.037109375;371.8091125488281;22819.4296875;0;8.613525390625;0;;1.005859375;51328;m2;203288;0;
..\..\world\khazmodan\ironforge\passivedoodads\trees\ironforgetree02.m2;16703.2890625;417.54541015625;22868.234375;0;69.71041870117188;0;;1.216796875;51976;m2;203260;0;
..\..\world\khazmodan\ironforge\passivedoodads\trees\ironforgetree02.m2;16599.71875;389.63677978515625;22764.07421875;0;238.2169189453125;0;;1.21484375;52023;m2;203260;0;
..\..\world\khazmodan\ironforge\passivedoodads\trees\ironforgetree02.m2;16629.099609375;381.57733154296875;22642.28515625;0;348.7496337890625;0;;1.2138671875;52051;m2;203260;0;
..\..\world\khazmodan\ironforge\passivedoodads\trees\wintertree04.m2;16786.51953125;396.42718505859375;22468.58203125;0;358;0;;1;52799;m2;203288;0;
..\..\world\khazmodan\ironforge\passivedoodads\trees\wintertree04.m2;17048.1640625;400.3002624511719;22471.33203125;0;0;0;;1;52822;m2;203288;0;
..\..\world\khazmodan\ironforge\passivedoodads\trees\wintertree04.m2;17015.904296875;408.4244079589844;22517.224609375;0;0;0;;1;52842;m2;203288;0;
..\..\world\khazmodan\ironforge\passivedoodads\trees\wintertree01.m2;16986.90234375;366.5249328613281;22818.00390625;0;84.0919189453125;0;;0.73046875;51330;m2;203285;0;
..\..\world\khazmodan\ironforge\passivedoodads\trees\wintertree04.m2;16955.8515625;400.7647399902344;22534.716796875;0;154.34063720703125;0;;0.9951171875;52857;m2;203288;0;
..\..\world\khazmodan\ironforge\passivedoodads\trees\ironforgetree02.m2;16583.49609375;411.4410705566406;22821.43359375;0;246.65057373046875;0;;1.2060546875;52104;m2;203260;0;
..\..\world\khazmodan\ironforge\passivedoodads\trees\ironforgetree02.m2;16759.916015625;389.7588195800781;22691.671875;0;40.09033203125;0;;1.2021484375;52042;m2;203260;0;
..\..\world\khazmodan\ironforge\passivedoodads\trees\wintertree02.m2;16668.943359375;384.435302734375;22622.98828125;0;321.35986328125;0;;0.892578125;52058;m2;203286;0;
..\..\world\khazmodan\ironforge\passivedoodads\trees\ironforgetree02.m2;16572.189453125;386.73443603515625;22576.96875;0;340.5206298828125;0;;1.1845703125;52169;m2;203260;0;
..\..\world\khazmodan\ironforge\passivedoodads\trees\ironforgetree02.m2;16544.353515625;385.35174560546875;22418.72265625;0;120.1171875;0;;1.1787109375;52250;m2;203260;0;
..\..\world\khazmodan\ironforge\passivedoodads\trees\ironforgetree02.m2;16655.103515625;384.406494140625;22618.068359375;0;286.5541687011719;0;;1.1767578125;52059;m2;203260;0;
..\..\world\khazmodan\ironforge\passivedoodads\trees\wintertree03.m2;17036.666015625;361.7914123535156;22877.451171875;0;255.69261169433594;0;;0.8876953125;51291;m2;203287;0;
..\..\world\khazmodan\ironforge\passivedoodads\trees\wintertree02.m2;16816.73046875;385.8995666503906;22876.3359375;0;288.6745910644531;0;;0.873046875;51969;m2;203286;0;
..\..\world\khazmodan\ironforge\passivedoodads\trees\wintertree05.m2;16926.732421875;366.82904052734375;22800.966796875;0;331.4236755371094;0;;0.5361328125;51316;m2;203290;0;
..\..\world\khazmodan\ironforge\passivedoodads\trees\wintertree02.m2;16902.369140625;387.9594421386719;22399.703125;0;276.4024353027344;0;;0.8681640625;49937;m2;203286;0;
..\..\world\khazmodan\ironforge\passivedoodads\trees\wintertree03.m2;16552.244140625;398.7198791503906;22802.9296875;0;285.2247619628906;0;;0.869140625;52096;m2;203287;0;
..\..\world\khazmodan\ironforge\passivedoodads\trees\wintertree02.m2;17073.9609375;392.7174377441406;22426.697265625;0;288.4927978515625;0;;0.853515625;52764;m2;203286;0;
..\..\world\khazmodan\ironforge\passivedoodads\trees\ironforgetree02.m2;16804.396484375;392.6371765136719;22902.12890625;0;279.506103515625;0;;1.1435546875;51966;m2;203260;0;
..\..\world\khazmodan\ironforge\passivedoodads\trees\ironforgetree02.m2;16555.240234375;385.29827880859375;22687.14453125;0;277.58905029296875;0;;1.1416015625;52078;m2;203260;0;
..\..\world\generic\dwarf\passivedoodads\excavationbarriers\excavationbarrier03_pvpcollision.m2;16960.458984375;481.89508056640625;22639.419921875;85.00000762939453;77.50003051757812;-58.499969482421875;;1;397690;m2;197357;0;
..\..\world\khazmodan\ironforge\passivedoodads\trees\ironforgepine01.m2;16684.994140625;387.1138000488281;22592.91796875;0;281.1816711425781;0;;0.86328125;52055;m2;203255;0;
..\..\world\khazmodan\ironforge\passivedoodads\trees\wintertree03.m2;16813.7578125;381.6767272949219;22861.125;0;42.58428955078125;0;;0.8447265625;51989;m2;203287;0;
..\..\world\khazmodan\ironforge\passivedoodads\trees\wintertree03.m2;16740.421875;397.8075866699219;22482.583984375;0;104.62468719482422;0;;0.8447265625;52217;m2;203287;0;
..\..\world\khazmodan\ironforge\passivedoodads\trees\ironforgetree02.m2;16930.244140625;401.120361328125;22912.18359375;0;37.40960693359375;0;;1.109375;50646;m2;203260;0;
..\..\world\khazmodan\ironforge\passivedoodads\trees\wintertree04.m2;16879.208984375;408.7174377441406;22684.208984375;0;285.70819091796875;0;;0.9140625;52037;m2;203288;0;
..\..\world\khazmodan\ironforge\passivedoodads\trees\ironforgetree02.m2;16573.16015625;383.7939453125;22649.41015625;0;92.5736083984375;0;;1.1083984375;52171;m2;203260;0;
..\..\world\khazmodan\ironforge\passivedoodads\trees\ironforgetree02.m2;16799.5390625;395.8830871582031;22453.3828125;0;340.0352783203125;0;;1.099609375;51959;m2;203260;0;
..\..\world\khazmodan\ironforge\passivedoodads\trees\wintertree02.m2;16928.3515625;389.34857177734375;22870.828125;0;11.3052978515625;0;;0.810546875;50643;m2;203286;0;
..\..\world\khazmodan\ironforge\passivedoodads\trees\wintertree03.m2;16620.01953125;454.83685302734375;22891.541015625;0;3.4608154296875;0;;0.8125;360622;m2;203287;0;
..\..\world\khazmodan\ironforge\passivedoodads\trees\wintertree02.m2;16721.798828125;388.0107116699219;22749.11328125;0;42.815032958984375;0;;0.7978515625;52009;m2;203286;0;
..\..\world\khazmodan\ironforge\passivedoodads\trees\ironforgetree02.m2;16905.873046875;391.3254089355469;22482.15625;0;244.95863342285156;0;;1.0712890625;52812;m2;203260;0;
..\..\world\khazmodan\ironforge\passivedoodads\trees\ironforgetree02.m2;16855.75390625;389.0958557128906;22471.50390625;0;23.950927734375;0;;1.06640625;52801;m2;203260;0;
..\..\world\khazmodan\ironforge\passivedoodads\trees\ironforgetree02.m2;16700.9921875;396.9471740722656;22481.509765625;0;67.60092163085938;0;;1.0634765625;52213;m2;203260;0;
..\..\world\khazmodan\ironforge\passivedoodads\trees\wintertree04.m2;16804.994140625;396.7547912597656;22533;0;34.46514892578125;0;;0.8740234375;52221;m2;203288;0;
..\..\world\khazmodan\ironforge\passivedoodads\trees\wintermidtree02.m2;16850.61328125;396.8229675292969;22661.431640625;0;9.50347900390625;0;;1.2275390625;52030;m2;203277;0;
..\..\world\khazmodan\ironforge\passivedoodads\trees\wintermidtree02.m2;16774.98828125;391.9299011230469;22689.9140625;0;319.0307312011719;0;;1.2158203125;52040;m2;203277;0;
..\..\world\khazmodan\ironforge\passivedoodads\trees\wintermidtree02.m2;17014.76953125;358.98834228515625;22867.8046875;0;286.36737060546875;0;;1.21484375;51290;m2;203277;0;
..\..\world\khazmodan\ironforge\passivedoodads\trees\wintermidtree02.m2;16757.455078125;398.1329650878906;22562.37890625;0;126.77487182617188;0;;1.212890625;52158;m2;203277;0;
..\..\world\khazmodan\ironforge\passivedoodads\trees\wintermidtree02.m2;16719.703125;396.1067810058594;22407.8984375;0;127.17064666748047;0;;1.205078125;52753;m2;203277;0;
..\..\world\khazmodan\ironforge\passivedoodads\trees\wintermidtree02.m2;16526.5078125;384.2608337402344;22655.787109375;0;54.2564697265625;0;;1.2041015625;52176;m2;203277;0;
..\..\world\khazmodan\ironforge\passivedoodads\trees\wintertree04.m2;16582.345703125;386.1670227050781;22696.009765625;0;203.64878845214844;0;;0.85546875;52083;m2;203288;0;
..\..\world\khazmodan\ironforge\passivedoodads\trees\wintertree03.m2;16918.7421875;397.62744140625;22584.818359375;0;172.6883544921875;0;;0.78125;52126;m2;203287;0;
..\..\world\khazmodan\ironforge\passivedoodads\trees\ironforgetree02.m2;16924.158203125;404.7036437988281;22536.515625;0;251.47373962402344;0;;1.033203125;52129;m2;203260;0;
..\..\world\khazmodan\ironforge\passivedoodads\trees\wintertree03.m2;16801.150390625;396.9330139160156;22550.927734375;0;271.7112121582031;0;;0.7783203125;52226;m2;203287;0;
..\..\world\khazmodan\ironforge\passivedoodads\trees\ironforgetree02.m2;16639.689453125;433.40496826171875;22877.0234375;0;342;0;;1.029296875;360627;m2;203260;0;
..\..\world\khazmodan\ironforge\passivedoodads\trees\wintermidtree02.m2;16648.71484375;381.1595764160156;22635.58984375;0;215.98681640625;0;;1.1875;52057;m2;203277;0;
..\..\world\khazmodan\ironforge\passivedoodads\trees\wintertree03.m2;16757.3984375;388.4872741699219;22864.05078125;0;217.6018524169922;0;;0.7724609375;51967;m2;203287;0;
..\..\world\khazmodan\ironforge\passivedoodads\trees\ironforgetree02.m2;16731.16015625;394.94140625;22580.09375;0;67.8865966796875;0;;1.017578125;52149;m2;203260;0;
..\..\world\khazmodan\ironforge\passivedoodads\trees\wintertree03.m2;16643.669921875;426.50811767578125;22839.14453125;0;354.5;0;;0.76953125;51973;m2;203287;0;
..\..\world\khazmodan\ironforge\passivedoodads\trees\wintermidtree02.m2;16822.125;381.6373596191406;22866.20703125;0;100.93447875976562;0;;1.177734375;51970;m2;203277;0;
..\..\world\khazmodan\ironforge\passivedoodads\trees\ironforgetree02.m2;16715.056640625;416.537353515625;22900.4375;0;177.45660400390625;0;;1.015625;51975;m2;203260;0;
..\..\world\khazmodan\ironforge\passivedoodads\trees\wintermidtree02.m2;16651.81640625;387.7864685058594;22388.171875;0;131.8399658203125;0;;1.1767578125;52244;m2;203277;0;
..\..\world\khazmodan\ironforge\passivedoodads\trees\wintermidtree02.m2;16609.533203125;382.3331604003906;22568.47265625;0;262.98779296875;0;;1.1748046875;63946;m2;203277;0;
..\..\world\khazmodan\ironforge\passivedoodads\trees\ironforgetree02.m2;16873.259765625;365.6762390136719;22795.58203125;0;290.7239074707031;0;;1.0087890625;51327;m2;203260;0;
..\..\world\khazmodan\ironforge\passivedoodads\trees\wintertree03.m2;16623.67578125;448.9464416503906;22889.4765625;0;266.9759216308594;0;;0.76171875;360621;m2;203287;0;
..\..\world\khazmodan\ironforge\passivedoodads\trees\wintertree04.m2;16776.658203125;381.5314025878906;22857.98828125;0;64.90921020507812;0;;0.828125;52000;m2;203288;0;
..\..\world\khazmodan\ironforge\passivedoodads\trees\wintertree03.m2;16523.197265625;391.4680480957031;22784.3515625;0;55.988037109375;0;;0.7578125;52084;m2;203287;0;
..\..\world\khazmodan\ironforge\passivedoodads\trees\wintermidtree02.m2;16632.96484375;386.54632568359375;22496.36328125;0;104.10919189453125;0;;1.1572265625;52220;m2;203277;0;
..\..\world\khazmodan\ironforge\passivedoodads\trees\wintertree01.m2;16896.13671875;397.8614501953125;22558.38671875;0;96.04541015625;0;;0.6015625;52124;m2;203285;0;
..\..\world\khazmodan\ironforge\passivedoodads\trees\ironforgetree02.m2;16865.017578125;402.96771240234375;22673.09765625;0;163.84063720703125;0;;0.9951171875;52075;m2;203260;0;
..\..\world\khazmodan\ironforge\passivedoodads\trees\ironforgetree02.m2;17007.595703125;360.32763671875;22943.921875;0;60.4156494140625;0;;0.9921875;51919;m2;203260;0;
..\..\world\khazmodan\ironforge\passivedoodads\trees\ironforgetree02.m2;16628.896484375;386.87896728515625;22484.021484375;0;318.6901550292969;0;;0.9912109375;52219;m2;203260;0;
..\..\world\khazmodan\ironforge\passivedoodads\trees\wintertree04.m2;16557.16015625;381.61199951171875;22654.806640625;0;82.29010009765625;0;;0.8154296875;52173;m2;203288;0;
..\..\world\khazmodan\ironforge\passivedoodads\trees\wintertree02.m2;16825.171875;399.93115234375;22620.578125;0;220.86488342285156;0;;0.7333984375;52145;m2;203286;0;
..\..\world\khazmodan\ironforge\passivedoodads\trees\ironforgetree02.m2;16580.111328125;385.2516174316406;22563.775390625;0;100.92349243164062;0;;0.984375;52170;m2;203260;0;
..\..\world\khazmodan\ironforge\passivedoodads\trees\wintermidtree02.m2;16929.32421875;387.9151916503906;22386.431640625;0;145.30963134765625;0;;1.1396484375;49943;m2;203277;0;
..\..\world\khazmodan\ironforge\passivedoodads\trees\wintermidtree02.m2;16627.126953125;381.218994140625;22656.943359375;0;20.2374267578125;0;;1.1376953125;52052;m2;203277;0;
..\..\world\khazmodan\ironforge\passivedoodads\trees\wintertree04.m2;16628.09765625;424.7044982910156;22848.234375;0;353.5;0;;0.8095703125;51972;m2;203288;0;
..\..\world\khazmodan\ironforge\passivedoodads\trees\wintertree04.m2;16760.189453125;385.14337158203125;22853.01953125;0;240.89358520507812;0;;0.80859375;51968;m2;203288;0;
..\..\world\khazmodan\ironforge\passivedoodads\trees\ironforgetree02.m2;16561.259765625;387.0773010253906;22748.232421875;0;346.21173095703125;0;;0.96875;52082;m2;203260;0;
..\..\world\khazmodan\ironforge\passivedoodads\trees\wintertree03.m2;16568.88671875;392.8714294433594;22787.5;0;230.0167694091797;0;;0.728515625;52098;m2;203287;0;
..\..\world\khazmodan\ironforge\passivedoodads\trees\wintermidtree02.m2;16842.173828125;394.7528381347656;22478.294921875;0;315.8336181640625;0;;1.1162109375;52802;m2;203277;0;
..\..\world\khazmodan\ironforge\passivedoodads\trees\wintertree04.m2;16621.21875;446.0033264160156;22882.97265625;0;343.091552734375;0;;0.7890625;360623;m2;203288;0;
..\..\world\khazmodan\ironforge\passivedoodads\trees\wintertree03.m2;16562.720703125;382.8363952636719;22647.169921875;-1.500000238418579;327.21026611328125;-1;;0.7099609375;52174;m2;203287;0;
..\..\world\khazmodan\ironforge\passivedoodads\trees\wintermidtree02.m2;16950.9296875;370.4759826660156;22797.279296875;0;2.298187255859375;0;;1.0986328125;51319;m2;203277;0;
..\..\world\khazmodan\ironforge\passivedoodads\trees\wintermidtree02.m2;17044.955078125;388.0931701660156;22424.33984375;0;304.033935546875;0;;1.0966796875;52758;m2;203277;0;
..\..\world\khazmodan\ironforge\passivedoodads\trees\ironforgetree02.m2;16733.0390625;390.6380310058594;22764.240234375;0;77.99432373046875;0;;0.943359375;52011;m2;203260;0;
..\..\world\khazmodan\ironforge\passivedoodads\trees\wintertree01.m2;16904.91015625;370.5005187988281;22795.419921875;0;218.5852508544922;0;;0.5673828125;51324;m2;203285;0;
..\..\world\khazmodan\ironforge\passivedoodads\trees\wintermidtree02.m2;16589.2734375;383.92218017578125;22422.88671875;0;78.04925537109375;0;;1.08984375;52245;m2;203277;0;
..\..\world\khazmodan\ironforge\passivedoodads\trees\ironforgetree02.m2;16941.40625;374.38262939453125;22787.8125;0;289.72930908203125;0;;0.935546875;51317;m2;203260;0;
..\..\world\khazmodan\ironforge\passivedoodads\trees\ironforgetree02.m2;16817.6875;373.8927307128906;22819.375;0;6.29534912109375;0;;0.93359375;51965;m2;203260;0;
..\..\world\khazmodan\ironforge\passivedoodads\trees\ironforgetree02.m2;16653.400390625;380.72021484375;22646.791015625;0;176.149169921875;0;;0.9306640625;52050;m2;203260;0;
..\..\world\khazmodan\ironforge\passivedoodads\trees\ironforgetree02.m2;16767.89453125;396.5545959472656;22614.755859375;0;155.6041259765625;0;;0.927734375;52148;m2;203260;0;
..\..\world\khazmodan\ironforge\passivedoodads\trees\wintertree04.m2;16706.01953125;428.5353698730469;22923.271484375;0;188.79483032226562;0;;0.7646484375;360632;m2;203288;0;
..\..\world\khazmodan\ironforge\passivedoodads\trees\ironforgetree02.m2;16769.755859375;383.4798278808594;22839.443359375;0;323.3924560546875;0;;0.92578125;51978;m2;203260;0;
..\..\world\khazmodan\ironforge\passivedoodads\trees\wintermidtree02.m2;16678.466796875;386.0000915527344;22610.875;0;99.6929931640625;0;;1.0703125;52056;m2;203277;0;
..\..\world\khazmodan\ironforge\passivedoodads\trees\wintermidtree02.m2;16555.25390625;388.7286376953125;22596.2890625;0;120.22705078125;0;;1.0654296875;52167;m2;203277;0;
..\..\world\khazmodan\ironforge\passivedoodads\trees\wintermidtree02.m2;16932.07421875;388.1798095703125;22463.640625;0;22.76434326171875;0;;1.044921875;52774;m2;203277;0;
..\..\world\khazmodan\ironforge\passivedoodads\trees\ironforgetree02.m2;17049.46484375;356.0989685058594;22903.9296875;0;272.75494384765625;0;;0.900390625;51285;m2;203260;0;
..\..\world\khazmodan\ironforge\passivedoodads\trees\wintermidtree02.m2;16859.48046875;407.0140686035156;22617.662109375;0;350.06805419921875;0;;1.033203125;52130;m2;203277;0;
..\..\world\khazmodan\ironforge\passivedoodads\trees\wintermidtree02.m2;16562.04296875;385.7439270019531;22418.357421875;0;350.85906982421875;0;;1.03125;52246;m2;203277;0;
..\..\world\khazmodan\ironforge\passivedoodads\trees\ironforgetree02.m2;16803.0078125;392.3522033691406;22690.11328125;0;105.80156707763672;0;;0.8818359375;52039;m2;203260;0;
..\..\world\khazmodan\ironforge\passivedoodads\trees\ironforgetree02.m2;16681.5859375;393.890869140625;22512.40625;0;241.87139892578125;0;;0.880859375;52230;m2;203260;0;
..\..\world\khazmodan\ironforge\passivedoodads\trees\wintermidtree02.m2;16619.236328125;388.5192565917969;22761.380859375;0;313.0869140625;0;;1.01953125;52021;m2;203277;0;
..\..\world\khazmodan\ironforge\passivedoodads\trees\wintertree01.m2;16837.96484375;390.62725830078125;22460.646484375;0;176.149169921875;0;;0.5302734375;52771;m2;203285;0;
..\..\world\khazmodan\ironforge\passivedoodads\trees\wintermidtree02.m2;16719.3984375;416.6650390625;22865.732421875;0;40.255126953125;0;;1.0126953125;51977;m2;203277;0;
..\..\world\khazmodan\ironforge\passivedoodads\trees\ironforgetree02.m2;16637.603515625;386.4332580566406;22402.37890625;0;210.1309051513672;0;;0.8701171875;52243;m2;203260;0;
..\..\world\khazmodan\ironforge\passivedoodads\trees\ironforgetree02.m2;17069.2578125;388.3964538574219;22406.40234375;0;296.7247619628906;0;;0.869140625;52762;m2;203260;0;
..\..\world\khazmodan\ironforge\passivedoodads\trees\wintertree01.m2;16727.83203125;396.1637268066406;22443.7109375;0;40.09033203125;0;;0.5224609375;52768;m2;203285;0;
..\..\world\khazmodan\ironforge\passivedoodads\trees\ironforgetree02.m2;16797.03125;398.3569030761719;22520.80078125;0;321.3379211425781;0;;0.8642578125;52222;m2;203260;0;
..\..\world\khazmodan\ironforge\passivedoodads\trees\wintermidtree02.m2;16963.615234375;378.3363342285156;22780.296875;0;0;0;;1;51637;m2;203277;0;
..\..\world\khazmodan\ironforge\passivedoodads\trees\wintermidtree02.m2;16768.34375;395.0215148925781;22427.015625;0;160.99853515625;0;;1;51956;m2;203277;0;
..\..\world\khazmodan\ironforge\passivedoodads\trees\wintermidtree02.m2;16770.076171875;386.5858459472656;22749.7265625;0;359.5;0;;1;52068;m2;203277;0;
..\..\world\khazmodan\ironforge\passivedoodads\trees\wintermidtree02.m2;17044.4765625;403.958984375;22707.162109375;0;0;0;;1;51671;m2;203277;0;
..\..\world\khazmodan\ironforge\passivedoodads\trees\wintermidtree02.m2;16773.6796875;397.05889892578125;22470.56640625;0;0;0;;1;52797;m2;203277;0;
..\..\world\khazmodan\ironforge\passivedoodads\trees\ironforgetree02.m2;16893.728515625;415.9851989746094;22613.693359375;0;274.73248291015625;0;;0.861328125;52127;m2;203260;0;
..\..\world\khazmodan\ironforge\passivedoodads\trees\ironforgetree02.m2;16521.630859375;388.33319091796875;22526.603515625;0;184.510009765625;0;;0.859375;52190;m2;203260;0;
..\..\world\khazmodan\ironforge\passivedoodads\trees\ironforgetree02.m2;16990.505859375;388.29486083984375;22753.4921875;0;21.53387451171875;0;;0.85546875;51648;m2;203260;0;
..\..\world\khazmodan\ironforge\passivedoodads\trees\ironforgetree02.m2;16567.705078125;386.8160705566406;22696.984375;0;346.99176025390625;0;;0.8505859375;52077;m2;203260;0;
..\..\world\khazmodan\ironforge\passivedoodads\trees\ironforgetree02.m2;16781.6328125;396.7731018066406;22478.87890625;0;0;0;;0.849609375;52798;m2;203260;0;
..\..\world\khazmodan\ironforge\passivedoodads\trees\ironforgetree02.m2;16831.521484375;372.2174377441406;22764.47265625;0;8.96685791015625;0;;0.8486328125;52035;m2;203260;0;
..\..\world\khazmodan\ironforge\passivedoodads\trees\wintermidtree02.m2;16566.455078125;390.739501953125;22778.44140625;0;324.1724853515625;0;;0.97265625;52100;m2;203277;0;
..\..\world\khazmodan\ironforge\passivedoodads\trees\wintermidtree02.m2;16580.431640625;386.3337707519531;22703.453125;0;26.983245849609375;0;;0.96484375;52080;m2;203277;0;
..\..\world\khazmodan\ironforge\passivedoodads\trees\ironforgetree02.m2;16920.287109375;405.33526611328125;22909.794921875;0;136.212646484375;0;;0.8232421875;50645;m2;203260;0;
..\..\world\khazmodan\ironforge\passivedoodads\trees\ironforgetree02.m2;16877.6015625;373.1947326660156;22851.05859375;0;343.5;0;;0.8193359375;51979;m2;203260;0;
..\..\world\khazmodan\ironforge\passivedoodads\trees\ironforgetree02.m2;16714.5078125;388.1309509277344;22743.494140625;0;48.40185546875;0;;0.806640625;52010;m2;203260;0;
..\..\world\khazmodan\ironforge\passivedoodads\trees\wintermidtree02.m2;16725.26171875;397.04681396484375;22494.572265625;0;243.28866577148438;0;;0.9267578125;52218;m2;203277;0;
..\..\world\khazmodan\ironforge\passivedoodads\trees\ironforgetree02.m2;16991.8046875;396.1676330566406;22504.8515625;0;24.5;0;;0.7998046875;52840;m2;203260;0;
..\..\world\khazmodan\ironforge\passivedoodads\trees\wintermidtree02.m2;16910.48046875;370.21844482421875;22805.96484375;0;77.75262451171875;0;;0.9248046875;51325;m2;203277;0;
..\..\world\khazmodan\ironforge\passivedoodads\trees\ironforgetree02.m2;16912.814453125;388.7174377441406;22472.91015625;0;189.34417724609375;0;;0.7978515625;52811;m2;203260;0;
..\..\world\khazmodan\ironforge\passivedoodads\trees\wintermidtree02.m2;17070.51953125;407.6395568847656;22716.55859375;0;285.70819091796875;0;;0.9140625;51659;m2;203277;0;
..\..\world\khazmodan\ironforge\passivedoodads\trees\wintermidtree02.m2;16527.890625;389.63525390625;22592.94140625;0;132.3123779296875;0;;0.9091796875;52168;m2;203277;0;
..\..\world\khazmodan\ironforge\passivedoodads\trees\wintermidtree02.m2;16549.134765625;386.4215393066406;22741.30859375;0;320.9753723144531;0;;0.9033203125;52081;m2;203277;0;
..\..\world\khazmodan\ironforge\passivedoodads\trees\ironforgetree02.m2;16731.287109375;395.59075927734375;22414.86328125;0;44.2982177734375;0;;0.7763671875;52752;m2;203260;0;
..\..\world\khazmodan\ironforge\passivedoodads\trees\wintermidtree02.m2;17050.560546875;362.1437072753906;22890.060546875;0;95.84765625;0;;0.890625;51284;m2;203277;0;
..\..\world\khazmodan\ironforge\passivedoodads\trees\wintermidtree02.m2;17016.65625;473.25592041015625;22671.185546875;0;35.8934326171875;0;;0.8876953125;51615;m2;203277;0;
..\..\world\khazmodan\ironforge\passivedoodads\trees\wintertree02.m2;16828.720703125;386.7671813964844;22728.77734375;0;316.1741943359375;0;;0.568359375;52074;m2;203286;0;
..\..\world\khazmodan\ironforge\passivedoodads\trees\wintermidtree02.m2;16715.365234375;397.5865478515625;22484.859375;0;116.7779769897461;0;;0.884765625;52215;m2;203277;0;
..\..\world\khazmodan\ironforge\passivedoodads\trees\ironforgetree02.m2;16893.015625;367.5527038574219;22799.162109375;0;267.7559814453125;0;;0.763671875;51326;m2;203260;0;
..\..\world\khazmodan\ironforge\passivedoodads\trees\wintermidtree02.m2;16650.611328125;406.50518798828125;22783.80859375;0;337.279541015625;0;;0.8779296875;52022;m2;203277;0;
..\..\world\khazmodan\ironforge\passivedoodads\trees\ironforgetree02.m2;17001.14453125;387.9208068847656;22442.505859375;0;55.988037109375;0;;0.7578125;52782;m2;203260;0;
..\..\world\khazmodan\ironforge\passivedoodads\trees\wintermidtree02.m2;17011.44921875;393.88018798828125;22448.140625;0;203.64878845214844;0;;0.85546875;52781;m2;203277;0;
..\..\world\khazmodan\ironforge\passivedoodads\trees\ironforgetree02.m2;16767.82421875;388.7440490722656;22702.248046875;0;261.4825439453125;0;;0.7294921875;52041;m2;203260;0;
..\..\world\khazmodan\ironforge\passivedoodads\trees\wintertree03.m2;16643.67578125;426.0171203613281;22842.6953125;0;322;0;;0.5498046875;351614;m2;203287;0;
..\..\world\khazmodan\ironforge\passivedoodads\trees\ironforgetree02.m2;16920.681640625;406.0093688964844;22553.837890625;0;57.44927978515625;0;;0.70703125;52128;m2;203260;0;
..\..\world\khazmodan\ironforge\passivedoodads\trees\wintermidtree02.m2;16695.888671875;385.9052734375;22718.607421875;0;116.73330688476562;0;;0.80859375;63943;m2;203277;0;
..\..\world\khazmodan\ironforge\passivedoodads\trees\wintermidtree02.m2;16708.361328125;396.15875244140625;22474.13671875;0;98.95687866210938;0;;0.8046875;52214;m2;203277;0;
..\..\world\khazmodan\ironforge\passivedoodads\trees\wintermidtree02.m2;16896.70703125;390.6387634277344;22477.92578125;0;242.65145874023438;0;;0.7978515625;52804;m2;203277;0;
..\..\world\khazmodan\ironforge\passivedoodads\trees\ironforgetree02.m2;16727.265625;397.2068786621094;22480.029296875;0;20.5889892578125;0;;0.6865234375;52216;m2;203260;0;
..\..\world\khazmodan\ironforge\passivedoodads\trees\wintermidtree02.m2;16994.65234375;367.6433410644531;22833.197265625;0;77.18133544921875;0;;0.783203125;51329;m2;203277;0;
..\..\world\khazmodan\ironforge\passivedoodads\trees\wintermidtree02.m2;16953.5859375;398.10943603515625;22526.48828125;0;171.8863525390625;0;;0.779296875;52836;m2;203277;0;
..\..\world\khazmodan\ironforge\passivedoodads\trees\wintermidtree02.m2;17069.40234375;390.0084533691406;22418.083984375;0;5.79559326171875;0;;0.7734375;52763;m2;203277;0;
..\..\world\khazmodan\ironforge\passivedoodads\trees\wintersmalltree01.m2;16964.62890625;367.9107360839844;22874.3046875;3;171.85107421875;3.0000011920928955;;2.2109375;51333;m2;203279;0;
..\..\world\khazmodan\ironforge\passivedoodads\trees\ironforgetree02.m2;16943.74609375;367.8804931640625;22812.10546875;0;171.9632568359375;0;;0.638671875;51318;m2;203260;0;
..\..\world\khazmodan\ironforge\passivedoodads\trees\wintermidtree02.m2;16796.291015625;397.4693908691406;22546.5078125;0;256.09912109375;0;;0.7333984375;52225;m2;203277;0;
..\..\world\khazmodan\ironforge\passivedoodads\trees\wintertree01.m2;16668.783203125;392.1669921875;22516.66015625;0;211.41636657714844;0;;0.375;52231;m2;203285;0;
..\..\world\khazmodan\ironforge\passivedoodads\trees\ironforgetree02.m2;16972.99609375;389.115234375;22456.859375;0;31.710113525390625;0;;0.6201171875;52780;m2;203260;0;
..\..\world\khazmodan\ironforge\passivedoodads\trees\ironforgetree02.m2;16784.33203125;381.1144104003906;22857.51953125;0;114.23416137695312;0;;0.5849609375;51999;m2;203260;0;
..\..\world\khazmodan\ironforge\passivedoodads\trees\ironforgetree02.m2;16807.111328125;398.4828186035156;22544.068359375;0;337.68609619140625;0;;0.5693359375;52224;m2;203260;0;
..\..\world\khazmodan\ironforge\passivedoodads\trees\wintermidtree02.m2;16965.943359375;391.4254150390625;22461.94140625;0;287.82855224609375;0;;0.6240234375;52776;m2;203277;0;
..\..\world\khazmodan\ironforge\passivedoodads\trees\ironforgesnowtree01.m2;17048.095703125;445.009033203125;22636.724609375;0;108.96572875976562;0;;1.2412109375;51617;m2;203257;0;
..\..\world\khazmodan\ironforge\passivedoodads\trees\ironforgesnowtree01.m2;16714.810546875;396.2907409667969;22406.07421875;0;9.50347900390625;0;;1.2275390625;52754;m2;203257;0;
..\..\world\khazmodan\ironforge\passivedoodads\trees\ironforgesnowtree01.m2;16716.8359375;386.5707092285156;22715.92578125;0;152.681640625;0;;1.2216796875;63945;m2;203257;0;
..\..\world\khazmodan\ironforge\passivedoodads\trees\ironforgesnowtree01.m2;16852.2265625;388.837890625;22463.6171875;0;348.7496337890625;0;;1.2138671875;52772;m2;203257;0;
..\..\world\khazmodan\ironforge\passivedoodads\trees\ironforgetree02.m2;16999.642578125;386.93670654296875;22766.1171875;0;23.7982177734375;0;;0.486328125;51650;m2;203260;0;
..\..\world\khazmodan\ironforge\passivedoodads\trees\ironforgesnowtree01.m2;16625.751953125;385.7030334472656;22490.4296875;0;313.95489501953125;0;;1.20703125;52236;m2;203257;0;
..\..\world\khazmodan\ironforge\passivedoodads\trees\ironforgesnowtree01.m2;17038.533203125;390.0482482910156;22428.443359375;0;246.65057373046875;0;;1.2060546875;52761;m2;203257;0;
..\..\world\khazmodan\ironforge\passivedoodads\trees\ironforgesnowtree01.m2;16939.4921875;389.5311584472656;22464.30078125;0;158.97705078125;0;;1.205078125;52775;m2;203257;0;
..\..\world\khazmodan\ironforge\passivedoodads\trees\ironforgesnowtree01.m2;16852.376953125;395.27972412109375;22677.150390625;0;102.30780029296875;0;;1.205078125;52076;m2;203257;0;
..\..\world\khazmodan\ironforge\passivedoodads\trees\ironforgesnowtree01.m2;16956.763671875;386.57354736328125;22934.328125;0;212.6688232421875;0;;1.197265625;50636;m2;203257;0;
..\..\world\khazmodan\ironforge\passivedoodads\trees\ironforgesnowtree01.m2;17070.20703125;389.62921142578125;22395.09375;0;337.3125;0;;1.1923828125;52740;m2;203257;0;
..\..\world\khazmodan\ironforge\passivedoodads\trees\ironforgesnowtree01.m2;16624.169921875;444.0268859863281;22881.791015625;0;215.96484375;0;;1.1875;360624;m2;203257;0;
..\..\world\khazmodan\ironforge\passivedoodads\trees\ironforgesnowtree01.m2;16897.228515625;413.751708984375;22607.34375;0;187.15780639648438;0;;1.1826171875;52139;m2;203257;0;
..\..\world\khazmodan\ironforge\passivedoodads\trees\ironstump02.m2;17070.595703125;395.0849609375;22468.35546875;-6.999999046325684;66.71563720703125;4.500000476837158;;1.20703125;52826;m2;203266;0;
..\..\world\khazmodan\ironforge\passivedoodads\trees\ironforgesnowtree01.m2;16704.091796875;439.94244384765625;22938.78125;0;75.18173217773438;0;;1.171875;360634;m2;203257;0;
..\..\world\khazmodan\ironforge\passivedoodads\trees\wintersmalltree01.m2;16652.056640625;390.7410583496094;22449.916015625;0;114.9534912109375;0;;1.6455078125;63939;m2;203279;0;
..\..\world\khazmodan\ironforge\passivedoodads\trees\ironforgesnowtree01.m2;16722.986328125;386.3912353515625;22743.1875;0;13.98602294921875;0;;1.1630859375;52014;m2;203257;0;
..\..\world\khazmodan\ironforge\passivedoodads\trees\ironforgetree02.m2;16841.224609375;370.68170166015625;22768.7890625;0;30.10345458984375;0;;0.46484375;52034;m2;203260;0;
..\..\world\khazmodan\ironforge\passivedoodads\trees\ironforgesnowtree01.m2;16885.29296875;372.9842834472656;22843.75390625;0;342.32122802734375;0;;1.1494140625;51981;m2;203257;0;
..\..\world\khazmodan\ironforge\passivedoodads\trees\ironforgesnowtree01.m2;16829.439453125;380.2712097167969;22858.6875;0;340.5206298828125;0;;1.1494140625;51986;m2;203257;0;
..\..\world\khazmodan\ironforge\passivedoodads\trees\ironforgesnowtree01.m2;16966.818359375;376.01666259765625;22788.005859375;0;292.9374084472656;0;;1.1484375;51641;m2;203257;0;
..\..\world\khazmodan\ironforge\passivedoodads\trees\ironforgesnowtree01.m2;16737.28515625;387.874755859375;22756.794921875;0;292.9374084472656;0;;1.1484375;52012;m2;203257;0;
..\..\world\khazmodan\ironforge\passivedoodads\trees\ironforgesnowtree01.m2;16766.9765625;397.60992431640625;22577.763671875;0;195.66708374023438;0;;1.146484375;52160;m2;203257;0;
..\..\world\khazmodan\ironforge\passivedoodads\trees\ironforgesnowtree01.m2;16960.28125;397.4801330566406;22526.07421875;0;277.58905029296875;0;;1.1416015625;52838;m2;203257;0;
..\..\world\khazmodan\ironforge\passivedoodads\trees\ironforgesnowtree01.m2;16894.654296875;387.90875244140625;22471.484375;0;20.2374267578125;0;;1.1376953125;52805;m2;203257;0;
..\..\world\khazmodan\ironforge\passivedoodads\trees\ironforgesnowtree01.m2;16674.2109375;384.58221435546875;22630.607421875;0;331.6104736328125;0;;1.12890625;52061;m2;203257;0;
..\..\world\khazmodan\ironforge\passivedoodads\trees\ironforgesnowtree01.m2;16889.310546875;397.25762939453125;22560.19140625;0;220.6121826171875;0;;1.1279296875;52138;m2;203257;0;
..\..\world\khazmodan\ironforge\passivedoodads\trees\ironforgesnowtree01.m2;16776.845703125;390.3658447265625;22701.65234375;0;48.462158203125;0;;1.123046875;52043;m2;203257;0;
..\..\world\khazmodan\ironforge\passivedoodads\trees\ironforgesnowtree01.m2;16592.240234375;413.001708984375;22816.66015625;0;210.28472900390625;0;;1.115234375;52105;m2;203257;0;
..\..\world\khazmodan\ironforge\passivedoodads\trees\ironforgesnowtree01.m2;16620.501953125;382.06689453125;22662.21875;0;12.2501220703125;0;;1.1064453125;52121;m2;203257;0;
..\..\world\khazmodan\ironforge\passivedoodads\trees\ironforgesnowtree01.m2;16752.943359375;394.2543640136719;22795.357421875;0;127.00582885742188;0;;1.103515625;52019;m2;203257;0;
..\..\world\khazmodan\ironforge\passivedoodads\trees\ironforgesnowtree01.m2;16851.330078125;400.798583984375;22599.48828125;0;36.5196533203125;0;;1.1005859375;52133;m2;203257;0;
..\..\world\khazmodan\ironforge\passivedoodads\trees\ironforgesnowtree01.m2;16990.576171875;387.6637268066406;22442.69140625;0;143.738525390625;0;;1.09765625;52779;m2;203257;0;
..\..\world\khazmodan\ironforge\passivedoodads\trees\ironforgesnowtree01.m2;16933.423828125;401.0298156738281;22919.375;0;98.74813842773438;0;;1.09765625;50647;m2;203257;0;
..\..\world\khazmodan\ironforge\passivedoodads\trees\ironforgesnowtree01.m2;16874.68359375;410.1363830566406;22680.515625;0;295.123779296875;0;;1.091796875;52038;m2;203257;0;
..\..\world\khazmodan\ironforge\passivedoodads\trees\ironforgesnowtree01.m2;16915.802734375;399.3925476074219;22891.568359375;0;73.34695434570312;0;;1.0849609375;50649;m2;203257;0;
..\..\world\khazmodan\ironforge\passivedoodads\trees\ironforgesnowtree01.m2;16533.12109375;389.2967834472656;22602.5546875;0;161.47100830078125;0;;1.08203125;52180;m2;203257;0;
..\..\world\khazmodan\ironforge\passivedoodads\trees\ironforgesnowtree01.m2;17050.86328125;355.6326599121094;22911.93359375;0;77.29116821289062;0;;1.078125;51293;m2;203257;0;
..\..\world\khazmodan\ironforge\passivedoodads\trees\ironforgesnowtree01.m2;16796.1015625;393.0460510253906;22688.044921875;0;23.950927734375;0;;1.06640625;52045;m2;203257;0;
..\..\world\khazmodan\ironforge\passivedoodads\trees\ironforgesnowtree01.m2;16614.625;381.83721923828125;22566.71484375;0;346.8819580078125;0;;1.0625;63947;m2;203257;0;
..\..\world\khazmodan\ironforge\passivedoodads\trees\ironforgesnowtree01.m2;17046.310546875;361.1247863769531;22890.224609375;0;161.08642578125;0;;1.0576171875;51299;m2;203257;0;
..\..\world\khazmodan\ironforge\passivedoodads\trees\ironforgesnowtree01.m2;16965.388671875;372.0175476074219;22888.23828125;0;95.57293701171875;0;;1.05078125;51331;m2;203257;0;
..\..\world\khazmodan\ironforge\passivedoodads\trees\ironforgesnowtree01.m2;16774.671875;396.4867248535156;22614.109375;0;49.85748291015625;0;;1.0478515625;52153;m2;203257;0;
..\..\world\khazmodan\ironforge\passivedoodads\trees\ironforgesnowtree01.m2;16693.033203125;385.6467590332031;22715.931640625;0;65.46954345703125;0;;1.0361328125;63944;m2;203257;0;
..\..\world\khazmodan\ironforge\passivedoodads\trees\wintersmalltree01.m2;16824.486328125;384.876220703125;22730.625;0;300.7709045410156;0;;1.45703125;52073;m2;203279;0;
..\..\world\khazmodan\ironforge\passivedoodads\trees\ironforgesnowtree01.m2;16852.1484375;372.0981140136719;22768.228515625;0;98.79205322265625;0;;1.0302734375;52032;m2;203257;0;
..\..\world\khazmodan\ironforge\passivedoodads\trees\ironforgesnowtree01.m2;16696.5078125;389.6980285644531;22625.0625;0;64.5576171875;0;;1.0283203125;63941;m2;203257;0;
..\..\world\khazmodan\ironforge\passivedoodads\trees\ironforgesnowtree01.m2;16641.728515625;390.5227966308594;22471.21484375;0;180.77456665039062;0;;1.0244140625;52240;m2;203257;0;
..\..\world\khazmodan\ironforge\passivedoodads\trees\ironforgesnowtree01.m2;16611.470703125;384.6938171386719;22467.28515625;0;251.9901123046875;0;;1.0234375;63937;m2;203257;0;
..\..\world\khazmodan\ironforge\passivedoodads\trees\wintersmalltree01.m2;16619.73828125;382.629638671875;22651.03125;0;198.70477294921875;0;;1.4443359375;52120;m2;203279;0;
..\..\world\khazmodan\ironforge\passivedoodads\trees\ironforgesnowtree01.m2;16570.056640625;386.1703186035156;22684.623046875;0;301.4081115722656;0;;1.01171875;52088;m2;203257;0;
..\..\world\khazmodan\ironforge\passivedoodads\trees\ironforgesnowtree01.m2;16641.060546875;431.3741455078125;22868.74609375;0;86.23431396484375;0;;1.01171875;360628;m2;203257;0;
..\..\world\khazmodan\ironforge\passivedoodads\trees\ironforgesnowtree01.m2;16587.783203125;384.3639831542969;22590.7421875;0;262.09783935546875;0;;1.0087890625;63948;m2;203257;0;
..\..\world\khazmodan\ironforge\passivedoodads\trees\ironforgesnowtree01.m2;16931.0859375;393.1637878417969;22476.576171875;0;85.21255493164062;0;;1.0009765625;52815;m2;203257;0;
..\..\world\khazmodan\ironforge\passivedoodads\trees\ironforgesnowtree01.m2;17040.37109375;402.3861389160156;22714.828125;0;0;0;;1;51673;m2;203257;0;
..\..\world\khazmodan\ironforge\passivedoodads\trees\ironforgesnowtree01.m2;16760.923828125;394.616943359375;22413.65234375;0;185.66363525390625;0;;1;51958;m2;203257;0;
..\..\world\khazmodan\ironforge\passivedoodads\trees\ironforgesnowtree01.m2;16766.521484375;386.0270080566406;22754.875;0;0;0;;1;52071;m2;203257;0;
..\..\world\khazmodan\ironforge\passivedoodads\trees\ironforgesnowtree01.m2;16739.345703125;397.6107482910156;22486.70703125;0;0;0;;1;52796;m2;203257;0;
..\..\world\khazmodan\ironforge\passivedoodads\trees\ironforgesnowtree01.m2;16790.955078125;396.1896667480469;22471.921875;0;0;0;;1;52800;m2;203257;0;
..\..\world\khazmodan\ironforge\passivedoodads\trees\ironforgesnowtree01.m2;17000.86328125;397.2347717285156;22498.185546875;0;0;0;;1;52818;m2;203257;0;
..\..\world\khazmodan\ironforge\passivedoodads\trees\ironforgesnowtree01.m2;17042.4921875;400.5278015136719;22472.77734375;0;0;0;;1;52819;m2;203257;0;
..\..\world\khazmodan\ironforge\passivedoodads\trees\ironforgesnowtree01.m2;16979.486328125;396.6976623535156;22502.640625;0;0;0;;1;52841;m2;203257;0;
..\..\world\khazmodan\ironforge\passivedoodads\trees\ironforgesnowtree01.m2;16667.7890625;392.88671875;22511.0390625;0;140.79412841796875;0;;0.98828125;52234;m2;203257;0;
..\..\world\khazmodan\ironforge\passivedoodads\trees\ironforgesnowtree01.m2;16667.3359375;383.71807861328125;22627.9375;0;199.96826171875;0;;0.982421875;52060;m2;203257;0;
..\..\world\khazmodan\ironforge\passivedoodads\trees\ironforgesnowtree01.m2;16780.220703125;382.003662109375;22847.75390625;0;9.239776611328125;0;;0.9794921875;52001;m2;203257;0;
..\..\world\khazmodan\ironforge\passivedoodads\trees\wintermidtree02.m2;16887.08984375;387.6658020019531;22472.869140625;0;199.96826171875;0;;0.4521484375;52810;m2;203277;0;
..\..\world\khazmodan\ironforge\passivedoodads\trees\ironforgesnowtree01.m2;17055.111328125;388.14794921875;22423.6875;0;324.1724853515625;0;;0.97265625;52759;m2;203257;0;
..\..\world\khazmodan\ironforge\passivedoodads\trees\ironforgesnowtree01.m2;16954.564453125;367.5581359863281;22806.529296875;0;36.3658447265625;0;;0.96875;51320;m2;203257;0;
..\..\world\khazmodan\ironforge\passivedoodads\trees\ironforgesnowtree01.m2;16776.56640625;389.40277099609375;22704.125;0;240.025634765625;0;;0.962890625;52044;m2;203257;0;
..\..\world\khazmodan\ironforge\passivedoodads\trees\ironforgesnowtree01.m2;16571.919921875;390.89703369140625;22779.291015625;0;297.74957275390625;0;;0.95703125;52103;m2;203257;0;
..\..\world\khazmodan\ironforge\passivedoodads\trees\ironforgesnowtree01.m2;17070.552734375;400.0252990722656;22478.853515625;0;181.85125732421875;0;;0.95703125;52824;m2;203257;0;
..\..\world\khazmodan\ironforge\passivedoodads\trees\ironforgesnowtree01.m2;16853.390625;407.0383605957031;22617.890625;0;169.83184814453125;0;;0.9560546875;52132;m2;203257;0;
..\..\world\khazmodan\ironforge\passivedoodads\trees\wintersmalltree01.m2;17013.376953125;359.0684814453125;22875.115234375;0;174.85687255859375;0;;1.3193359375;51296;m2;203279;0;
..\..\world\khazmodan\ironforge\passivedoodads\trees\ironforgesnowtree01.m2;16817.8203125;373.9957580566406;22811.625;0;111.657470703125;0;;0.927734375;51992;m2;203257;0;
..\..\world\khazmodan\ironforge\passivedoodads\trees\ironforgesnowtree01.m2;16765.2265625;397.9316711425781;22559.697265625;0;203.76963806152344;0;;0.921875;52159;m2;203257;0;
..\..\world\khazmodan\ironforge\passivedoodads\trees\ironforgesnowtree01.m2;16619.767578125;384.80926513671875;22611.55859375;0;261.92205810546875;0;;0.919921875;63951;m2;203257;0;
..\..\world\khazmodan\ironforge\passivedoodads\trees\ironstump05.m2;16607.5546875;383.30889892578125;22713.083984375;0;243.4564971923828;0;;0.8935546875;52164;m2;203270;0;
..\..\world\khazmodan\ironforge\passivedoodads\trees\ironforgesnowtree01.m2;16567.216796875;387.22357177734375;22746.4375;0;302.10028076171875;0;;0.8994140625;52089;m2;203257;0;
..\..\world\khazmodan\ironforge\passivedoodads\trees\ironforgesnowtree01.m2;16556.287109375;382.5835876464844;22648.140625;0;11.3712158203125;0;;0.8955078125;52178;m2;203257;0;
..\..\world\khazmodan\ironforge\passivedoodads\trees\ironforgesnowtree01.m2;16644.7265625;380.8898010253906;22641.04296875;0;166.36004638671875;0;;0.89453125;52122;m2;203257;0;
..\..\world\kalimdor\winterspring\passivedoodads\winterspringfallentrees\winterspringfallentree02.m2;16859.85546875;370.47332763671875;22828.06640625;0;150.86886596679688;0;;1.1572265625;51994;m2;202874;0;
..\..\world\khazmodan\ironforge\passivedoodads\trees\ironforgesnowtree01.m2;16605.171875;388.72198486328125;22756.828125;0;102.07708740234375;0;;0.8916015625;52024;m2;203257;0;
..\..\world\khazmodan\ironforge\passivedoodads\trees\ironforgesnowtree01.m2;16825.626953125;380.4312744140625;22858.109375;0;35.8934326171875;0;;0.8876953125;51985;m2;203257;0;
..\..\world\khazmodan\ironforge\passivedoodads\trees\wintersmalltree01.m2;16800.310546875;392.37677001953125;22897.21484375;0;220.51329040527344;0;;1.248046875;51988;m2;203279;0;
..\..\world\khazmodan\ironforge\passivedoodads\trees\ironforgesnowtree01.m2;16788.703125;381.6510314941406;22866.3984375;0;278.31414794921875;0;;0.8828125;52002;m2;203257;0;
..\..\world\khazmodan\ironforge\passivedoodads\trees\wintersmalltree01.m2;16528.76953125;388.56964111328125;22519.509765625;0;145.61724853515625;0;;1.244140625;52193;m2;203279;0;
..\..\world\khazmodan\ironforge\passivedoodads\trees\wintersmalltree01.m2;16850.0625;378.3416442871094;22856.787109375;0;108.96572875976562;0;;1.2412109375;51987;m2;203279;0;
..\..\world\khazmodan\ironforge\passivedoodads\trees\wintersmalltree01.m2;16765.771484375;397.6734619140625;22581.890625;0;5.82403564453125;0;;1.2392578125;52156;m2;203279;0;
..\..\world\khazmodan\ironforge\passivedoodads\trees\wintersmalltree01.m2;16957.166015625;384.58245849609375;22931.853515625;0;174.11663818359375;0;;1.2373046875;50638;m2;203279;0;
..\..\world\khazmodan\ironforge\passivedoodads\trees\ironforgesnowtree01.m2;16915.4296875;402.3985595703125;22535.734375;0;223.88623046875;0;;0.87109375;52143;m2;203257;0;
..\..\world\khazmodan\ironforge\passivedoodads\trees\wintersmalltree01.m2;16980.95703125;381.82403564453125;22771.39453125;0;9.50347900390625;0;;1.2275390625;51653;m2;203279;0;
..\..\world\khazmodan\ironforge\passivedoodads\trees\wintersmalltree01.m2;16548.59375;385.4786682128906;22682.541015625;0;315.2732849121094;0;;1.2255859375;52094;m2;203279;0;
..\..\world\khazmodan\ironforge\passivedoodads\trees\ironforgesnowtree01.m2;17008.880859375;359.7392883300781;22934.6953125;0;276.4024353027344;0;;0.8681640625;51917;m2;203257;0;
..\..\world\khazmodan\ironforge\passivedoodads\trees\ironforgesnowtree01.m2;16550.232421875;385.5851745605469;22435.4140625;0;276.4024353027344;0;;0.8681640625;52869;m2;203257;0;
..\..\world\khazmodan\ironforge\passivedoodads\trees\wintersmalltree01.m2;16919.3984375;371.15167236328125;22835.2578125;0;96.42083740234375;0;;1.22265625;51984;m2;203279;0;
..\..\world\khazmodan\ironforge\passivedoodads\trees\wintersmalltree01.m2;16677.8671875;393.0486145019531;22518.630859375;0;55.80126953125;0;;1.220703125;52233;m2;203279;0;
..\..\world\khazmodan\ironforge\passivedoodads\trees\ironforgesnowtree01.m2;16932.7734375;382.9134826660156;22860.90234375;0;206.65911865234375;0;;0.861328125;50648;m2;203257;0;
..\..\world\khazmodan\ironforge\passivedoodads\trees\wintersmalltree01.m2;16545.599609375;388.9783630371094;22597.50390625;0;328.05078125;0;;1.2109375;52181;m2;203279;0;
..\..\world\khazmodan\ironforge\passivedoodads\trees\ironforgesnowtree01.m2;16987.220703125;387.58056640625;22758.1328125;0;308.9559326171875;0;;0.857421875;51654;m2;203257;0;
..\..\world\khazmodan\ironforge\passivedoodads\trees\ironforgesnowtree01.m2;16849.12109375;373.60113525390625;22764.060546875;0;308.9559326171875;0;;0.857421875;52031;m2;203257;0;
..\..\world\khazmodan\ironforge\passivedoodads\trees\ironforgesnowtree01.m2;16730.427734375;395.9232482910156;22424.234375;0;321.4559631347656;0;;0.857421875;52755;m2;203257;0;
..\..\world\khazmodan\ironforge\passivedoodads\trees\ironforgesnowtree01.m2;16622.236328125;387.65875244140625;22758.279296875;0;21.53387451171875;0;;0.85546875;52025;m2;203257;0;
..\..\world\khazmodan\ironforge\passivedoodads\trees\wintersmalltree01.m2;16689.943359375;387.7325744628906;22608.34375;0;158.97705078125;0;;1.205078125;52064;m2;203279;0;
..\..\world\khazmodan\ironforge\passivedoodads\trees\wintersmalltree01.m2;16621.083984375;387.2530822753906;22754.951171875;0;311.3949890136719;0;;1.2001953125;52026;m2;203279;0;
..\..\world\khazmodan\ironforge\passivedoodads\trees\wintersmalltree01.m2;16668.03515625;391.7666931152344;22476.97265625;0;311.3949890136719;0;;1.2001953125;52793;m2;203279;0;
..\..\world\khazmodan\ironforge\passivedoodads\trees\ironforgesnowtree01.m2;16947.248046875;399.7723083496094;22523.748046875;0;346.99176025390625;0;;0.8505859375;52837;m2;203257;0;
..\..\world\khazmodan\ironforge\passivedoodads\trees\ironforgesnowtree01.m2;16802.359375;396.9752502441406;22556.021484375;0;194.28814697265625;0;;0.849609375;52227;m2;203257;0;
..\..\world\khazmodan\ironforge\passivedoodads\trees\ironforgesnowtree01.m2;16635.181640625;386.9599304199219;22502.4375;0;7.45782470703125;0;;0.849609375;52235;m2;203257;0;
..\..\world\khazmodan\ironforge\passivedoodads\trees\ironforgesnowtree01.m2;16586.916015625;385.7188415527344;22697.46875;0;347.6070556640625;0;;0.8466796875;52086;m2;203257;0;
..\..\world\khazmodan\ironforge\passivedoodads\trees\ironforgesnowtree01.m2;17013.771484375;392.4263610839844;22441.6328125;0;347.6070556640625;0;;0.8466796875;52783;m2;203257;0;
..\..\world\khazmodan\ironforge\passivedoodads\trees\wintersmalltree01.m2;16742.814453125;387.3458557128906;22757.296875;0;324.2603759765625;0;;1.1943359375;52015;m2;203279;0;
..\..\world\khazmodan\ironforge\passivedoodads\trees\wintersmalltree01.m2;16562.9453125;389.75946044921875;22775.802734375;0;337.3125;0;;1.1923828125;52101;m2;203279;0;
..\..\world\khazmodan\ironforge\passivedoodads\trees\wintersmalltree01.m2;17070.38671875;394.5997619628906;22463.888671875;0;106.76239013671875;0;;1.19140625;52785;m2;203279;0;
..\..\world\khazmodan\ironforge\passivedoodads\trees\ironforgesnowtree01.m2;16887.52734375;375.3099670410156;22848.505859375;0;309.4283447265625;0;;0.8427734375;51980;m2;203257;0;
..\..\world\khazmodan\ironforge\passivedoodads\trees\wintersmalltree01.m2;16804.916015625;395.7120666503906;22446.28515625;2.499999523162842;294;-4.5;;1.1298828125;52770;m2;203279;0;
..\..\world\khazmodan\ironforge\passivedoodads\trees\wintersmalltree01.m2;16837.681640625;389.68206787109375;22455.59375;0;215.98681640625;0;;1.1875;52773;m2;203279;0;
..\..\world\generic\dwarf\passivedoodads\docks\anvilmardock01.m2;16816.8203125;384.5848693847656;22412.412109375;0;32.5;0;;1;108254;m2;197327;0;
..\..\world\khazmodan\ironforge\passivedoodads\trees\wintersmalltree01.m2;17012.037109375;359.177490234375;22936.25;0;160.99853515625;0;;1.181640625;51916;m2;203279;0;
..\..\world\khazmodan\ironforge\passivedoodads\trees\wintersmalltree01.m2;16616.595703125;385.249267578125;22415.529296875;0;163.99853515625;0;;1.181640625;52868;m2;203279;0;
..\..\world\khazmodan\ironforge\passivedoodads\trees\wintersmalltree01.m2;16655.005859375;390.4678039550781;22448.53515625;0;267.7779541015625;0;;1.177734375;63938;m2;203279;0;
..\..\world\khazmodan\ironforge\passivedoodads\trees\wintersmalltree01.m2;16746.474609375;397.8876037597656;22560.232421875;0;133.25726318359375;0;;1.177734375;52162;m2;203279;0;
..\..\world\khazmodan\ironforge\passivedoodads\trees\ironforgesnowtree01.m2;16797.248046875;397.0281066894531;22559.6875;0;259.1319580078125;0;;0.8310546875;52228;m2;203257;0;
..\..\world\khazmodan\ironforge\passivedoodads\trees\wintersmalltree01.m2;16961.552734375;367.2436218261719;22869.83203125;0;109.18546295166016;0;;1.169921875;51332;m2;203279;0;
..\..\world\khazmodan\ironforge\passivedoodads\trees\ironforgesnowtree01.m2;16645.689453125;381.46942138671875;22675.76953125;0;147.8365478515625;0;;0.826171875;52053;m2;203257;0;
..\..\world\khazmodan\ironforge\passivedoodads\trees\ironforgesnowtree01.m2;16873.095703125;389.1184387207031;22473.84765625;0;147.8365478515625;0;;0.826171875;52806;m2;203257;0;
..\..\world\khazmodan\ironforge\passivedoodads\trees\wintersmalltree01.m2;16589.41015625;384.71673583984375;22585.53515625;0;18.45758056640625;0;;1.1640625;63950;m2;203279;0;
..\..\world\khazmodan\ironforge\passivedoodads\trees\ironforgesnowtree01.m2;16959.41015625;385.609375;22935.583984375;0;143.24411010742188;0;;0.8193359375;50637;m2;203257;0;
..\..\world\khazmodan\ironforge\passivedoodads\trees\wintersmalltree01.m2;16863.119140625;400.7377014160156;22594.806640625;0;226.3911590576172;0;;1.1513671875;52135;m2;203279;0;
..\..\world\khazmodan\ironforge\passivedoodads\trees\wintersmalltree01.m2;17050.669921875;444.6504821777344;22632.05859375;0;340.5206298828125;0;;1.1494140625;51616;m2;203279;0;
..\..\world\khazmodan\ironforge\passivedoodads\trees\wintersmalltree01.m2;16927.1171875;404.1004943847656;22530.23828125;0;198.67181396484375;0;;1.1494140625;52142;m2;203279;0;
..\..\world\generic\human\passivedoodads\gypsywagons\stormwindgypsywagon01.m2;16767.001953125;394.08721923828125;22456.25;0;129;0;;1;51951;m2;198288;0;
..\..\world\khazmodan\ironforge\passivedoodads\trees\wintersmalltree01.m2;16618.521484375;447.6044616699219;22881.23828125;0;17.029327392578125;0;;1.1455078125;360625;m2;203279;0;
..\..\world\khazmodan\ironforge\passivedoodads\trees\ironforgesnowtree01.m2;16533.16015625;393.4266662597656;22790.05078125;0;352.990478515625;0;;0.8095703125;52102;m2;203257;0;
..\..\world\khazmodan\ironforge\passivedoodads\trees\wintersmalltree01.m2;17040.8359375;399.254150390625;22469.810546875;0;0;0;;1.1396484375;52821;m2;203279;0;
..\..\world\khazmodan\ironforge\passivedoodads\trees\ironforgesnowtree01.m2;16567.5390625;386.3144836425781;22687.7578125;0;10.73394775390625;0;;0.8037109375;52087;m2;203257;0;
..\..\world\khazmodan\ironforge\passivedoodads\trees\wintersmalltree01.m2;16730.298828125;397.7651672363281;22474.08984375;1;351;-3.0000014305114746;;1.099609375;52795;m2;203279;0;
..\..\world\generic\dwarf\passivedoodads\docks\anvilmardock01.m2;16811.689453125;384.4703063964844;22401.412109375;0;18.5;0;;1;108253;m2;197327;0;
..\..\world\khazmodan\ironforge\passivedoodads\trees\wintersmalltree01.m2;16651.603515625;389.1485900878906;22498.51171875;0;224.56736755371094;0;;1.126953125;52238;m2;203279;0;
..\..\world\khazmodan\ironforge\passivedoodads\trees\ironforgesnowtree01.m2;16741.361328125;388.70404052734375;22761.328125;0;336.202880859375;0;;0.7978515625;52013;m2;203257;0;
..\..\world\khazmodan\ironforge\passivedoodads\trees\ironforgesnowtree01.m2;16825.564453125;372.76507568359375;22818.634765625;0;337.68609619140625;0;;0.794921875;51991;m2;203257;0;
..\..\world\khazmodan\ironforge\passivedoodads\trees\ironforgesnowtree01.m2;16594.775390625;383.6620178222656;22433.09765625;0;297.80450439453125;0;;0.7939453125;52866;m2;203257;0;
..\..\world\khazmodan\ironforge\passivedoodads\trees\ironforgesnowtree01.m2;16807.69921875;387.9451599121094;22410.404296875;0;270.8045349121094;0;;0.7939453125;108272;m2;203257;0;
..\..\world\khazmodan\ironforge\passivedoodads\trees\ironforgesnowtree01.m2;16818.935546875;374.0978088378906;22812.880859375;0;218.53570556640625;0;;0.7890625;51993;m2;203257;0;
..\..\world\khazmodan\ironforge\passivedoodads\trees\wintersmalltree01.m2;16915.78515625;404.5090026855469;22552.484375;0;160.0537109375;0;;1.111328125;52141;m2;203279;0;
..\..\world\khazmodan\ironforge\passivedoodads\trees\ironforgesnowtree01.m2;16603.689453125;385.70013427734375;22543.716796875;0;330.5007629394531;0;;0.7861328125;63953;m2;203257;0;
..\..\world\khazmodan\ironforge\passivedoodads\trees\ironforgesnowtree01.m2;16997.912109375;386.1861572265625;22771.5390625;0;127.17064666748047;0;;0.78515625;51651;m2;203257;0;
..\..\world\khazmodan\ironforge\passivedoodads\trees\ironforgesnowtree01.m2;16925.3984375;367.8656311035156;22807.515625;0;222.2711639404297;0;;0.7841796875;51322;m2;203257;0;
..\..\world\khazmodan\ironforge\passivedoodads\trees\wintersmalltree01.m2;16996.298828125;385.02032470703125;22768.4765625;0;287.3781433105469;0;;1.103515625;51652;m2;203279;0;
..\..\world\khazmodan\ironforge\passivedoodads\trees\wintersmalltree01.m2;16734.865234375;395.3270568847656;22422.29296875;0;287.3781433105469;0;;1.103515625;52756;m2;203279;0;
..\..\world\khazmodan\ironforge\passivedoodads\trees\ironforgesnowtree01.m2;16653.078125;404.6957702636719;22776.609375;0;44.2982177734375;0;;0.7763671875;52027;m2;203257;0;
..\..\world\khazmodan\ironforge\passivedoodads\trees\ironforgesnowtree01.m2;16985.52734375;487.7125549316406;22645.666015625;0;287.74072265625;0;;0.7744140625;51627;m2;203257;0;
..\..\world\khazmodan\ironforge\passivedoodads\trees\wintersmalltree01.m2;16732.46875;396.7071228027344;22448.810546875;0;295.123779296875;0;;1.091796875;52766;m2;203279;0;
..\..\world\khazmodan\ironforge\passivedoodads\trees\wintersmalltree01.m2;16959.802734375;396.4716491699219;22523.70703125;0;96.056396484375;0;;1.0859375;52839;m2;203279;0;
..\..\world\khazmodan\ironforge\passivedoodads\trees\wintersmalltree01.m2;16858.9375;400.71246337890625;22594.466796875;0;233.19190979003906;0;;1.0810546875;52136;m2;203279;0;
..\..\world\khazmodan\ironforge\passivedoodads\trees\ironforgesnowtree01.m2;17030.17578125;361.68988037109375;22871.384765625;0;194.18389892578125;0;;0.7607421875;51294;m2;203257;0;
..\..\world\khazmodan\ironforge\passivedoodads\trees\wintersmalltree01.m2;16823.9609375;398.7133483886719;22616.763671875;0;40.321044921875;0;;1.072265625;52146;m2;203279;0;
..\..\world\khazmodan\ironforge\passivedoodads\trees\ironforgesnowtree01.m2;16677.783203125;386.6607360839844;22594.27734375;0;271.65625;0;;0.759765625;52062;m2;203257;0;
..\..\world\khazmodan\ironforge\passivedoodads\trees\wintersmalltree01.m2;16798.994140625;393.8353576660156;22685.90625;0;244.95863342285156;0;;1.0712890625;52047;m2;203279;0;
..\..\world\khazmodan\ironforge\passivedoodads\trees\wintersmalltree01.m2;16873.1640625;390.5660400390625;22476.9921875;0;99.6929931640625;0;;1.0703125;52808;m2;203279;0;
..\..\world\khazmodan\ironforge\passivedoodads\trees\wintersmalltree01.m2;16696.365234375;435.7603454589844;22924.234375;0;249.8587188720703;0;;1.0693359375;360631;m2;203279;0;
..\..\world\khazmodan\ironforge\passivedoodads\trees\wintersmalltree01.m2;16987.654296875;375.3638610839844;22795.609375;0;42.815032958984375;0;;1.068359375;51640;m2;203279;0;
..\..\world\khazmodan\ironforge\passivedoodads\trees\wintersmalltree01.m2;16829.814453125;387.597412109375;22731.45703125;0;191.794189453125;0;;1.0625;52072;m2;203279;0;
..\..\world\generic\dwarf\passivedoodads\excavationtentpavillion\excavationtentpavillion.m2;16777.51171875;394.077392578125;22446.328125;0;315;0;;1;51947;m2;197383;0;
..\..\world\khazmodan\ironforge\passivedoodads\trees\wintersmalltree01.m2;16554.171875;387.78265380859375;22718.373046875;0;188.7288818359375;0;;1.0498046875;52095;m2;203279;0;
..\..\world\khazmodan\ironforge\passivedoodads\trees\wintersmalltree01.m2;16754.015625;392.1474304199219;22791.328125;0;32.981964111328125;0;;1.0478515625;52018;m2;203279;0;
..\..\world\khazmodan\ironforge\passivedoodads\trees\wintersmalltree01.m2;16691.90625;388.2212829589844;22607.4140625;0;22.76434326171875;0;;1.044921875;52063;m2;203279;0;
..\..\world\khazmodan\ironforge\passivedoodads\trees\wintersmalltree01.m2;17009.765625;358.9701232910156;22871.412109375;0;357.79168701171875;0;;1.0380859375;51295;m2;203279;0;
..\..\world\khazmodan\ironforge\passivedoodads\trees\ironforgesnowtree01.m2;16774.7578125;396.2930603027344;22618.83984375;0;38.85986328125;0;;0.73046875;52154;m2;203257;0;
..\..\world\khazmodan\ironforge\passivedoodads\trees\wintersmalltree01.m2;16559.537109375;381.8736877441406;22643.287109375;0;71.924072265625;0;;1.03125;52177;m2;203279;0;
..\..\world\khazmodan\ironforge\passivedoodads\trees\wintersmalltree01.m2;16551.705078125;386.7696838378906;22738.3671875;0;199.781494140625;0;;1.02734375;52090;m2;203279;0;
..\..\world\khazmodan\ironforge\passivedoodads\trees\wintersmalltree01.m2;16897.642578125;388.1499938964844;22398.09375;0;177.45660400390625;0;;1.015625;49951;m2;203279;0;
..\..\world\khazmodan\ironforge\passivedoodads\trees\wintersmalltree01.m2;16653.5390625;381.5669860839844;22635.16015625;0;85.21255493164062;0;;1.0009765625;52065;m2;203279;0;
..\..\world\khazmodan\ironforge\passivedoodads\trees\wintersmalltree01.m2;17039.689453125;403.0758972167969;22710.97265625;0;0;0;;1;51672;m2;203279;0;
..\..\world\khazmodan\ironforge\passivedoodads\trees\wintersmalltree01.m2;16772.876953125;386.6302795410156;22733.11328125;0;357;0;;1;52069;m2;203279;0;
..\..\world\khazmodan\ironforge\passivedoodads\trees\wintersmalltree01.m2;16802.298828125;395.5570373535156;22445.84375;0;0;0;;1;52769;m2;203279;0;
..\..\world\khazmodan\ironforge\passivedoodads\trees\wintersmalltree01.m2;16728.052734375;397.3116760253906;22473.375;0;0;0;;1;52794;m2;203279;0;
..\..\world\khazmodan\ironforge\passivedoodads\trees\wintersmalltree01.m2;17038.384765625;399.68743896484375;22470.515625;0;0;0;;1;52820;m2;203279;0;
..\..\world\khazmodan\ironforge\passivedoodads\trees\wintersmalltree01.m2;16703.46484375;388.4721984863281;22740.3984375;0;274.5567321777344;0;;0.9990234375;52007;m2;203279;0;
..\..\world\generic\dwarf\passivedoodads\excavationbarrierplank\excavationbarrierplank.m2;17050.29296875;433.2919006347656;22668.603515625;86.99996948242188;33.50006103515625;42.500064849853516;;1;51606;m2;197337;0;
..\..\world\khazmodan\ironforge\passivedoodads\trees\wintersmalltree01.m2;16737.125;395.6946105957031;22582.21875;0;313.31768798828125;0;;0.990234375;52163;m2;203279;0;
..\..\world\khazmodan\ironforge\passivedoodads\trees\wintersmalltree01.m2;17037.634765625;361.12408447265625;22881.419921875;0;103.692138671875;0;;0.9814453125;51298;m2;203279;0;
..\..\world\khazmodan\ironforge\passivedoodads\trees\wintersmalltree01.m2;16622.404296875;385.9670715332031;22483.96875;0;167.8212890625;0;;0.9775390625;52237;m2;203279;0;
..\..\world\khazmodan\ironforge\passivedoodads\trees\ironstump04.m2;16532.392578125;385.0536804199219;22668.03125;0;185.85125732421875;0;;0.95703125;52115;m2;203269;0;
..\..\world\khazmodan\ironforge\passivedoodads\trees\wintersmalltree01.m2;16623.0234375;382.21075439453125;22650.859375;0;215.83299255371094;0;;0.9697265625;52119;m2;203279;0;
..\..\world\khazmodan\ironforge\passivedoodads\trees\wintersmalltree01.m2;16907.796875;387.7183837890625;22469.169921875;0;79.664306640625;0;;0.9619140625;52813;m2;203279;0;
..\..\world\generic\dwarf\passivedoodads\excavationbarrierplank\excavationbarrierplank.m2;17048.224609375;433.1976623535156;22673.55859375;87.00003814697266;16;42.50003433227539;;1;51607;m2;197337;0;
..\..\world\khazmodan\ironforge\passivedoodads\trees\wintersmalltree01.m2;17065.841796875;387.9649658203125;22397.498046875;0;332.24957275390625;0;;0.95703125;52739;m2;203279;0;
..\..\world\khazmodan\ironforge\passivedoodads\trees\wintersmalltree01.m2;16681.24609375;393.1723327636719;22521.17578125;0;233.36770629882812;0;;0.9560546875;52232;m2;203279;0;
..\..\world\khazmodan\ironforge\passivedoodads\trees\wintersmalltree01.m2;16650.021484375;389.07440185546875;22498.484375;6.000001430511475;296.3739318847656;4.500001430511475;;0.8701171875;52239;m2;203279;0;
..\..\world\generic\dwarf\passivedoodads\excavationbarrierplank\excavationbarrierplank.m2;17049.4609375;433.27978515625;22670.796875;86.99996948242188;11.5;42.499942779541016;;1;51605;m2;197337;0;
..\..\world\khazmodan\ironforge\passivedoodads\trees\wintersmalltree01.m2;16917.236328125;370.598876953125;22834.1015625;0;38.73895263671875;0;;0.9326171875;51983;m2;203279;0;
..\..\world\khazmodan\ironforge\passivedoodads\trees\ironforgesnowtree01.m2;16950.57421875;368.7386779785156;22804.96875;0;275.3697509765625;0;;0.654296875;51321;m2;203257;0;
..\..\world\khazmodan\ironforge\passivedoodads\trees\wintersmalltree01.m2;16699.185546875;388.0032653808594;22622.28515625;0;112.19580078125;0;;0.921875;63940;m2;203279;0;
..\..\world\khazmodan\ironforge\passivedoodads\trees\wintersmalltree01.m2;17016.189453125;473.07867431640625;22674.97265625;0;285.2247619628906;0;;0.8994140625;51625;m2;203279;0;
..\..\world\generic\dwarf\passivedoodads\excavationtentpavillionruined\excavationtentpavillionruined01.m2;16749.4609375;394.2409362792969;22440.755859375;0;11;0;;1;51949;m2;197385;0;
..\..\world\generic\dwarf\passivedoodads\excavationbarrierplank\excavationbarrierplank.m2;17053.50390625;431.0296936035156;22672.46484375;0;244.5;0;;1;51604;m2;197337;0;
..\..\world\khazmodan\ironforge\passivedoodads\trees\wintersmalltree01.m2;16587.49609375;472.1798400878906;22871.076171875;0;82.76254272460938;0;;0.890625;52106;m2;203279;0;
..\..\world\khazmodan\ironforge\passivedoodads\trees\wintersmalltree01.m2;16954.5859375;483.5305480957031;22640.77734375;0;278.31414794921875;0;;0.8828125;51636;m2;203279;0;
..\..\world\khazmodan\ironforge\passivedoodads\trees\wintersmalltree01.m2;16543.65234375;388.7723693847656;22599.765625;0.5000002384185791;249.93560791015625;-3.999999523162842;;0.8515625;52182;m2;203279;0;
..\..\world\khazmodan\ironforge\passivedoodads\trees\ironstump04.m2;16895.53125;393.845947265625;22488.03515625;0;326.8598937988281;0;;0.7119140625;52809;m2;203269;0;
..\..\world\khazmodan\ironforge\passivedoodads\trees\wintersmalltree01.m2;16765.482421875;394.61431884765625;22430.78125;4.500000476837158;240.90248107910156;-0.5000001192092896;;0.83984375;51957;m2;203279;0;
..\..\world\khazmodan\ironforge\passivedoodads\trees\wintersmalltree01.m2;16875.19140625;389.28558349609375;22474.873046875;0;281.1816711425781;0;;0.86328125;52807;m2;203279;0;
..\..\world\khazmodan\ironforge\passivedoodads\trees\wintersmalltree01.m2;16587.76953125;384.0230407714844;22592.96484375;0;239.15768432617188;0;;0.8583984375;63949;m2;203279;0;
..\..\world\khazmodan\ironforge\passivedoodads\trees\wintersmalltree01.m2;16853.404296875;406.1127624511719;22615.447265625;0;263.548095703125;0;;0.8544921875;52134;m2;203279;0;
..\..\world\khazmodan\ironforge\passivedoodads\trees\wintersmalltree01.m2;16619.84375;383.96563720703125;22609.744140625;0;29.42230224609375;0;;0.8525390625;63952;m2;203279;0;
..\..\world\khazmodan\ironforge\passivedoodads\trees\wintersmalltree01.m2;16741.482421875;396.96435546875;22562.83203125;0;158.40570068359375;0;;0.8486328125;52161;m2;203279;0;
..\..\world\khazmodan\ironforge\passivedoodads\trees\wintersmalltree01.m2;16989.470703125;375.32354736328125;22796.109375;0;203.9124755859375;0;;0.8427734375;51639;m2;203279;0;
..\..\world\khazmodan\ironforge\passivedoodads\trees\wintersmalltree01.m2;16705.04296875;388.9482727050781;22741.53125;0;203.9124755859375;0;;0.8427734375;52008;m2;203279;0;
..\..\world\khazmodan\ironforge\passivedoodads\trees\wintersmalltree01.m2;16915.16796875;403.9406433105469;22554.310546875;0;86.00360107421875;0;;0.83984375;52140;m2;203279;0;
..\..\world\khazmodan\ironforge\passivedoodads\trees\wintersmalltree01.m2;16597.0703125;383.69921875;22438.28125;0;349.56268310546875;0;;0.83984375;52867;m2;203279;0;
..\..\world\khazmodan\ironforge\passivedoodads\trees\wintersmalltree01.m2;16810.208984375;387.1295471191406;22407.5;0;349.56268310546875;0;;0.83984375;108273;m2;203279;0;
..\..\world\khazmodan\ironforge\passivedoodads\trees\wintersmalltree01.m2;16657.720703125;380.80352783203125;22647.546875;0;286.9716796875;0;;0.8349609375;52066;m2;203279;0;
..\..\world\khazmodan\ironforge\passivedoodads\trees\wintersmalltree01.m2;16986.48828125;487.4374084472656;22643.890625;0;64.90921020507812;0;;0.828125;51629;m2;203279;0;
..\..\world\khazmodan\ironforge\passivedoodads\trees\wintersmalltree01.m2;16554.041015625;386.7340393066406;22738.34765625;0;8.49267578125;0;;0.8212890625;52091;m2;203279;0;
..\..\world\khazmodan\ironforge\passivedoodads\trees\wintersmalltree01.m2;16701.892578125;386.2442932128906;22717.5078125;0;201.34161376953125;0;;0.8203125;63942;m2;203279;0;
..\..\world\khazmodan\ironforge\passivedoodads\trees\wintersmalltree01.m2;17051.412109375;388.700927734375;22424.47265625;0;352.990478515625;0;;0.8095703125;52760;m2;203279;0;
..\..\world\khazmodan\ironforge\passivedoodads\trees\wintersmalltree01.m2;17012.423828125;391.206298828125;22440.234375;0;10.73394775390625;0;;0.8037109375;52784;m2;203279;0;
..\..\world\khazmodan\ironforge\passivedoodads\trees\wintersmalltree01.m2;16898.341796875;396.63671875;22574.625;0;346.43145751953125;0;;0.802734375;52137;m2;203279;0;
..\..\world\khazmodan\ironforge\passivedoodads\trees\wintersmalltree01.m2;16806.7109375;391.9598693847656;22692.451171875;0;242.65145874023438;0;;0.7978515625;52048;m2;203279;0;
..\..\world\khazmodan\ironforge\passivedoodads\trees\wintersmalltree01.m2;16768.796875;390.7303771972656;22694.796875;0;187.34417724609375;0;;0.7978515625;52046;m2;203279;0;
..\..\world\azeroth\redridge\passivedoodads\rowboat\rowboat01.m2;16820.005859375;387.6652526855469;22425.15625;-7.499998569488525;24;-30.5000057220459;;1;108255;m2;190104;0;
..\..\world\khazmodan\ironforge\passivedoodads\trees\wintersmalltree01.m2;16764.1640625;395.839599609375;22620.818359375;0;227.48199462890625;0;;0.7802734375;52155;m2;203279;0;
..\..\world\khazmodan\ironforge\passivedoodads\trees\wintersmalltree01.m2;16777.029296875;396.1021728515625;22616.572265625;0;162.9212646484375;0;;0.775390625;52157;m2;203279;0;
..\..\world\khazmodan\ironforge\passivedoodads\trees\wintersmalltree01.m2;16822.740234375;373.0868225097656;22819.95703125;0;220.52427673339844;0;;0.767578125;51990;m2;203279;0;
..\..\world\khazmodan\ironforge\passivedoodads\trees\wintersmalltree01.m2;17047.771484375;362.4153137207031;22888.2109375;0;67.5679931640625;0;;0.763671875;51297;m2;203279;0;
..\..\world\azeroth\redridge\passivedoodads\rowboat\rowboat01.m2;16820.767578125;388.62115478515625;22431.30078125;-26.5;320;9.999999046325684;;1;108256;m2;190104;0;
..\..\world\generic\dwarf\passivedoodads\excavationtents\excavationtent01.m2;16745.83203125;393.9669494628906;22429.787109375;0.5;70.5;-0.5;;1;51953;m2;197388;0;
..\..\world\khazmodan\ironforge\passivedoodads\trees\wintersmalltree01.m2;16619.51953125;446.5953369140625;22879.86328125;0;359.439697265625;0;;0.7568359375;360626;m2;203279;0;
..\..\world\khazmodan\ironforge\passivedoodads\trees\wintersmalltree01.m2;16584.666015625;386.3183898925781;22704.890625;0;287.82855224609375;0;;0.75390625;52093;m2;203279;0;
..\..\world\generic\dwarf\passivedoodads\excavationtentpavillion\excavationtentpavillion.m2;16783.1875;394.1678161621094;22434.05859375;0;0.5;0;;1;51946;m2;197383;0;
..\..\world\azeroth\westfall\passivedoodads\westfallwagon\westfallwagon01.m2;16786.08203125;392.3366394042969;22416.9375;-10;343;-3;;0.83984375;51948;m2;190657;0;
..\..\world\khazmodan\ironforge\passivedoodads\trees\wintersmalltree01.m2;17013.103515625;400.47784423828125;22728.076171875;0;260.5047607421875;0;;0.75;51655;m2;203279;0;
..\..\world\khazmodan\ironforge\passivedoodads\trees\wintersmalltree01.m2;16848.732421875;372.4002990722656;22767.15625;0;260.5047607421875;0;;0.75;52033;m2;203279;0;
..\..\world\khazmodan\ironforge\passivedoodads\trees\ironstump04.m2;16994.501953125;395.9395446777344;22495.74609375;0;302.10028076171875;0;;0.609375;52816;m2;203269;0;
..\..\world\kalimdor\winterspring\passivedoodads\winterspringfallentrees\winterspringfallenbranch01.m2;17020.54296875;473.1739501953125;22671.12890625;29.999998092651367;257.24114990234375;142;;0.982421875;51624;m2;202872;0;
..\..\world\kalimdor\winterspring\passivedoodads\winterspringfallentrees\winterspringfallenbranch01.m2;17018.404296875;469.98577880859375;22678.12890625;0;179.868896484375;0;;1.1572265625;51623;m2;202872;0;
..\..\world\khazmodan\ironforge\passivedoodads\trees\ironstump01.m2;16878.9765625;371.7732238769531;22842.921875;0;4.50311279296875;0;;0.5771484375;51997;m2;203265;0;
..\..\world\khazmodan\ironforge\passivedoodads\trees\wintersmalltree01.m2;16797.228515625;398.0921936035156;22568.576171875;0;272.68896484375;0;;0.7177734375;52229;m2;203279;0;
..\..\world\khazmodan\ironforge\passivedoodads\trees\wintersmalltree01.m2;16774.939453125;387.4364318847656;22737.890625;0;0;0;;0.7099609375;52070;m2;203279;0;
..\..\world\generic\dwarf\passivedoodads\excavationtents\excavationtent02.m2;16750.966796875;394.10101318359375;22423.30859375;-0.5000000596046448;38;0.5000000596046448;;1;51952;m2;197389;0;
..\..\world\khazmodan\ironforge\passivedoodads\trees\wintersmalltree01.m2;16822.24609375;398.734130859375;22618.265625;0;283.8294677734375;0;;0.701171875;52147;m2;203279;0;
..\..\world\kalimdor\winterspring\passivedoodads\winterspringfallentrees\winterspringfallenbranch01.m2;16857.08203125;371.0982360839844;22830.994140625;0;182.7411651611328;0;;1.0517578125;51995;m2;202872;0;
..\..\world\kalimdor\winterspring\passivedoodads\winterspringfallentrees\winterspringfallenbranch01.m2;16728.171875;413.7165222167969;22864.51953125;0;291.0185852050781;0;;0.921875;52005;m2;202872;0;
..\..\world\khazmodan\ironforge\passivedoodads\trees\ironstump04.m2;16971.517578125;380.1349182128906;22778.873046875;-22.500001907348633;193.51858520507812;-2.5;;0.5517578125;51638;m2;203269;0;
..\..\world\khazmodan\ironforge\passivedoodads\trees\ironstump03.m2;16916.908203125;371.9246826171875;22838.08984375;0;230.12664794921875;0;;0.8359375;51982;m2;203268;0;
..\..\world\khazmodan\ironforge\passivedoodads\trees\ironforgesnowtree01.m2;16997.70703125;396.0733642578125;22742.5859375;0;162.03131103515625;0;;0.4345703125;51642;m2;203257;0;
..\..\world\khazmodan\ironforge\passivedoodads\trees\ironstump02.m2;16635.05078125;425.5082702636719;22834.84375;0;84.4149169921875;0;;0.494140625;52003;m2;203266;0;
..\..\world\kalimdor\winterspring\passivedoodads\winterspringfallentrees\winterspringfallenbranch01.m2;16726.84765625;415.42724609375;22868.67578125;0;236.02484130859375;0;;0.8388671875;52004;m2;202872;0;
..\..\world\generic\dwarf\passivedoodads\tavernstuff\grainsacs01.m2;16779.34765625;394.10443115234375;22447.95703125;0;350;3.999999523162842;;1;53378;m2;197607;0;
..\..\world\khazmodan\ironforge\passivedoodads\trees\wintersmalltree01.m2;16984.744140625;486.9255676269531;22643.279296875;0;112.73419189453125;0;;0.5849609375;51628;m2;203279;0;
..\..\world\kalimdor\winterspring\passivedoodads\winterspringfallentrees\winterspringfallenbranch01.m2;16853.380859375;371.07879638671875;22829.58984375;-12.500000953674316;94.82962036132812;38.50000762939453;;0.7919921875;51996;m2;202872;0;
..\..\world\azeroth\stranglethorn\passivedoodads\trolldrum\trollruinsdrum01.m2;16539.71484375;381.2220458984375;22641.13671875;-4.000000476837158;326;-6.000000476837158;;1;395667;m2;190333;0;
..\..\world\azeroth\elwynn\buildings\distillery\distillery.m2;16749.212890625;394.1691589355469;22441.23828125;0;101;0;;1;51950;m2;189611;0;
..\..\world\azeroth\burningsteppes\passivedoodads\orctoolrackburningsteppes\orctoolrackburningsteppes.m2;16544.783203125;382.72900390625;22620.640625;6.999999523162842;13.5;-7.500000476837158;;1;53366;m2;189204;0;
..\..\world\generic\dwarf\passivedoodads\excavationbannerstands\excavationbannerstand01.m2;17052.966796875;433.8041687011719;22667.78515625;0;41;0;;1;51611;m2;197333;0;
..\..\world\generic\dwarf\passivedoodads\excavationbannerstands\excavationbannerstand02.m2;16749.53515625;395.86614990234375;22463.17578125;0;0;0;;1;53430;m2;197334;0;
..\..\world\generic\dwarf\passivedoodads\excavationbannerstands\excavationbannerstand02.m2;16762.515625;396.1318664550781;22467.1484375;0;337.5;0;;1;53431;m2;197334;0;
..\..\world\azeroth\burningsteppes\passivedoodads\orcsleepmats\orcsleepmat03.m2;16641.611328125;426.593505859375;22848.91796875;0;85.74676513671875;0;;1.189453125;351607;m2;189198;0;
..\..\world\generic\human\passivedoodads\cargonets\deadminecargonet02.m2;16820.044921875;385.14093017578125;22409.599609375;-0.9999998807907104;115.5;-1.9999995231628418;;1;108271;m2;198088;0;
..\..\world\generic\human\passivedoodads\cargonetboxes\deadminecargonetboxes.m2;16774.80859375;393.8592529296875;22446.603515625;-0.4999999403953552;0;3.999999523162842;;1;53394;m2;198086;0;
..\..\world\generic\dwarf\passivedoodads\excavationbarrierplank\excavationbarrierplank.m2;16753.5546875;395.00238037109375;22439.80859375;88.9998550415039;173.0001220703125;-103.49976348876953;;0.349609375;53413;m2;197337;0;
..\..\world\generic\human\passivedoodads\lumberpiles\deadminelumberpilelarge.m2;16786.1328125;393.1707763671875;22416.578125;-12.5;346;-1.5000001192092896;;1;51954;m2;198339;0;
..\..\world\generic\tauren\passivedoodads\animalcages\animalcage01.m2;16535.2734375;383.2248229980469;22625.5546875;7.000001430511475;348;-12.000001907348633;;1.4091796875;395665;m2;200357;0;
..\..\world\generic\human\passivedoodads\lumberpiles\deadminelumberpilelarge.m2;16969.77734375;483.1003723144531;22623.390625;7.499999523162842;288;0.5000006556510925;;1;51593;m2;198339;0;
..\..\world\khazmodan\ironforge\passivedoodads\trees\ironstump03.m2;16999.6796875;396.5220947265625;22484.953125;0;199.781494140625;0;;0.45703125;52817;m2;203268;0;
..\..\world\generic\tauren\passivedoodads\animalcages\animalcage03.m2;16536.93359375;383.3985290527344;22622.6328125;5.500000476837158;334;-8.000000953674316;;1.369140625;395668;m2;200359;0;
..\..\world\generic\orc\passivedoodads\hammocks\hammock04.m2;16641.71484375;426.5925598144531;22851.974609375;0;323.6185607910156;0;;1;351612;m2;199163;0;
..\..\world\generic\human\passivedoodads\lumberpiles\deadminelumberpilesmall.m2;16966.111328125;482.7047119140625;22626.8359375;0;315.5;0;;1;51594;m2;198340;0;
..\..\world\generic\human\passivedoodads\cargoboxes\deadminecargoboxes.m2;16781.05078125;394.1526794433594;22436.4765625;0;72;0;;1;53416;m2;198085;0;
..\..\world\generic\orc\passivedoodads\bongs\hookahbong01.m2;16642.017578125;426.5925598144531;22848.97265625;0;254.17361450195312;0;;1;351611;m2;199118;0;
..\..\world\generic\orc\passivedoodads\barrelsandcrates\orccrate03.m2;16633.107421875;426.6473388671875;22849.7265625;3.5;216.39332580566406;4;;1;351604;m2;199096;0;
..\..\world\generic\troll\passivedoodads\tikimasks\troll_tikimask01.m2;16552.666015625;381.32891845703125;22641.94140625;-19.5;144.5;-4.000000476837158;;1;395670;m2;200633;0;
..\..\world\generic\dwarf\passivedoodads\excavationrailingrail\excavationrailingrail.m2;16953.970703125;483.4307861328125;22640.36328125;-2.499999761581421;336;0;;1;51589;m2;197377;0;
..\..\world\generic\dwarf\passivedoodads\excavationrailingrail\excavationrailingrail.m2;16955.27734375;483.20794677734375;22637.669921875;-9.499999046325684;335.5;-0.49999967217445374;;1;51590;m2;197377;0;
..\..\world\generic\passivedoodads\lights\generaltorch01.m2;16631.875;426.5487365722656;22848.2265625;0;226.18243408203125;0;;1;351596;m2;199820;0;
..\..\world\generic\passivedoodads\lights\generaltorch01.m2;16549.244140625;381.0722351074219;22638.1328125;0;0;0;;1;395676;m2;199820;0;
..\..\world\generic\passivedoodads\lights\generaltorch01.m2;16549.517578125;381.19024658203125;22638.333984375;0;0;0;;1;395677;m2;199820;0;
..\..\world\generic\passivedoodads\lights\generaltorch01.m2;16559.08203125;381.850341796875;22633.94140625;0;0;0;;1;395678;m2;199820;0;
..\..\world\azeroth\westfall\passivedoodads\rugracks\rugrack02.m2;16754.89453125;394.1654968261719;22420.654296875;-1.5000001192092896;358.5;0.5000000596046448;;1;53429;m2;190627;0;
..\..\world\generic\passivedoodads\barrel\brokenbarrel01.m2;16940.921875;451.42633056640625;22615.0078125;-35.5;0;-6.500000953674316;;1;51631;m2;199566;0;
..\..\world\generic\human\passivedoodads\cargoboxes\deadminecargoboxes.m2;17052.234375;433.6726379394531;22671.1953125;0;0;0;;1;51626;m2;198085;0;
..\..\world\azeroth\westfall\passivedoodads\rugracks\rugrack01.m2;16757.52734375;394.2804260253906;22422.255859375;-2.5;28.5;-0.5;;1;53428;m2;190626;0;
..\..\world\azeroth\karazahn\passivedoodads\grainsacks\kn_spilledsack01.m2;16642.421875;426.5931396484375;22847.638671875;0;75.56195068359375;0;;1;351613;m2;190018;0;
..\..\world\generic\orc\passivedoodads\barrelsandcrates\orccrate07.m2;16541.892578125;382.8704833984375;22621.046875;-2;290.5;-9.5;;1;395672;m2;199099;0;
..\..\world\generic\passivedoodads\barrel\brokenbarrel02.m2;16938.251953125;451.4244689941406;22617.56640625;-1.0000015497207642;308;38;;1;51632;m2;199567;0;
..\..\world\dungeon\goldshireinn\innbarrel\innbarrel.m2;17017.19140625;476.44329833984375;22667.291015625;16.000001907348633;180;120.5;;1;51614;m2;190885;0;
..\..\world\generic\passivedoodads\barrel\brokenbarrel02.m2;17016.177734375;477.1024475097656;22666.359375;-16.500001907348633;332;-13.5;;1;51612;m2;199567;0;
..\..\world\generic\tauren\passivedoodads\sacks\taurensack03.m2;16561.650390625;381.86663818359375;22634.859375;0;293.5;0;;1;395680;m2;200443;0;
..\..\world\azeroth\stranglethorn\passivedoodads\trolldrum\trolldungeondrum03.m2;16542.517578125;381.0967712402344;22639.365234375;4;146.5;5.499999046325684;;1;53331;m2;190332;0;
..\..\world\generic\dwarf\passivedoodads\sharpeningwheel\dwarvensharpeningwheel01.m2;16780.453125;394.3426818847656;22431.794921875;0;62.5;-1.5000001192092896;;1;53403;m2;197466;0;
..\..\world\generic\troll\passivedoodads\trollskullpile\trollskullpile.m2;16641.697265625;426.59161376953125;22855.884765625;0;40.17822265625;0;;1;351601;m2;200638;0;
..\..\world\generic\human\passivedoodads\cauldrons\cauldronempty.m2;16969.435546875;484.03326416015625;22641.66796875;-4.000000476837158;0;5.500000476837158;;1;51647;m2;198101;0;
..\..\world\generic\dwarf\passivedoodads\sharpeningwheel\dwarvensharpeningwheel01.m2;16970.5625;483.1784362792969;22624.921875;-0.4999999403953552;15.5;6.5;;1;51602;m2;197466;0;
..\..\world\generic\orc\passivedoodads\barrelsandcrates\orccrate07.m2;16550.359375;381.12841796875;22639.921875;2.499999761581421;8;6.499999523162842;;1;395671;m2;199099;0;
..\..\world\generic\tauren\passivedoodads\sacks\taurensack03.m2;16561.595703125;381.8513488769531;22636.328125;0;189.6957244873047;0;;1;395681;m2;200443;0;
..\..\world\generic\troll\passivedoodads\trollskullpile\trollskullpile.m2;16646.509765625;426.6584167480469;22850.015625;0;62.67889404296875;0;;1;351597;m2;200638;0;
..\..\world\generic\troll\passivedoodads\trollskullpile\trollskullpile.m2;16646.103515625;426.64788818359375;22849.068359375;0;22.819305419921875;0;;1;351598;m2;200638;0;
..\..\world\generic\dwarf\passivedoodads\chairs\ironforgechair_average01.m2;16762.970703125;394.50775146484375;22458.44921875;1.5;262.5;7.000000476837158;;1;53390;m2;197307;0;
..\..\world\generic\dwarf\passivedoodads\chairs\ironforgechair_average01.m2;16745.68359375;394.0794372558594;22428.296875;0;25;0;;1;53427;m2;197307;0;
..\..\world\azeroth\westfall\passivedoodads\harempillow02\harempillow02.m2;16743.83984375;394.0365295410156;22430.98046875;14;47;-28.499998092651367;;1;53426;m2;190595;0;
..\..\world\generic\dwarf\passivedoodads\tavernstuff\grainsacs02.m2;16780.701171875;394.2135009765625;22448.0390625;-4.5;254.5;2.000000238418579;;1;53377;m2;197608;0;
..\..\world\generic\tauren\passivedoodads\sacks\taurensack03.m2;16561.78515625;382.14324951171875;22635.62890625;0;88.62612915039062;0;;1;395682;m2;200443;0;
..\..\world\azeroth\stranglethorn\passivedoodads\trolldrum\trolldungeondrum03.m2;16544.64453125;381.0069580078125;22639.607421875;-2.499999761581421;195;1.500000238418579;;1;53332;m2;190332;0;
..\..\world\azeroth\elwynn\passivedoodads\detail\elwynnrock1\elwynnrock1.m2;16764.728515625;393.4512939453125;22445.3828125;0;23.180877685546875;0;;3.4443359375;53379;m2;189768;0;
..\..\world\generic\troll\passivedoodads\trollskullpile\trollskullpile.m2;16646.392578125;426.5895080566406;22851.154296875;0;165.49212646484375;0;;1;351600;m2;200638;0;
..\..\world\azeroth\elwynn\passivedoodads\detail\elwynnrock2\elwynnrock2.m2;16763.54296875;393.5976867675781;22444.837890625;0;69.98779296875;0;;3.203125;53381;m2;189770;0;
..\..\world\azeroth\elwynn\passivedoodads\detail\elwynnrock2\elwynnrock2.m2;16763.21484375;393.6711730957031;22443.41015625;0;183.8096160888672;0;;3.779296875;53382;m2;189770;0;
..\..\world\azeroth\elwynn\passivedoodads\detail\elwynnrock2\elwynnrock2.m2;16550.048828125;381.7925720214844;22630.318359375;-3.999999523162842;274.5;-6.5;;3.6796875;53359;m2;189770;0;
..\..\world\generic\troll\passivedoodads\trollskullpile\trollskullpile.m2;16640.630859375;426.59100341796875;22855.568359375;0;101.26406860351562;0;;1;351602;m2;200638;0;
..\..\world\dungeon\goldshireinn\innbarrel\innbarrel.m2;16746.5625;394.0636291503906;22441.8984375;0;292.5;0;;1;53395;m2;190885;0;
..\..\world\generic\human\passivedoodads\crates\stormwindcrate01.m2;16784.40625;394.7186584472656;22434.75;-89.49954223632812;308.5001220703125;16.999868392944336;;1;153665;m2;198168;0;
..\..\world\generic\human\passivedoodads\crates\stormwindcrate01.m2;16785.595703125;395.4051208496094;22432.744140625;0;321.5;0;;1;153666;m2;198168;0;
..\..\world\azeroth\westfall\passivedoodads\crate\westfallcrate.m2;16775.46484375;393.82720947265625;22444.1875;-4.5;116.5;-1.999999761581421;;1;53407;m2;190543;0;
..\..\world\azeroth\elwynn\passivedoodads\detail\elwynnrock1\elwynnrock1.m2;16545.771484375;382.8196105957031;22619.873046875;-18.5;230.5;-2.499999523162842;;2.83984375;53365;m2;189768;0;
..\..\world\azeroth\elwynn\passivedoodads\detail\elwynnrock2\elwynnrock2.m2;16551.48828125;381.7925720214844;22629.962890625;4.5;344;-2.500000238418579;;2.9697265625;53358;m2;189770;0;
..\..\world\azeroth\stranglethorn\passivedoodads\trolldungeonpottery\trolldungeonpottery01.m2;16638.900390625;426.5895080566406;22842.73828125;-2;119.40308380126953;-0.4999999403953552;;1;351594;m2;190341;0;
..\..\world\azeroth\stranglethorn\passivedoodads\trolldungeonpottery\trolldungeonpottery01.m2;16550.638671875;381.2850036621094;22638.34375;10;294;-0.49999967217445374;;1;53336;m2;190341;0;
..\..\world\azeroth\elwynn\passivedoodads\detail\elwynnrock2\elwynnrock2.m2;16546.521484375;382.7807312011719;22620.373046875;-1.499999761581421;144;9.5;;2.599609375;53364;m2;189770;0;
..\..\world\azeroth\elwynn\passivedoodads\detail\elwynnrock1\elwynnrock1.m2;16552.17578125;381.68145751953125;22628.8671875;7.500000476837158;325.5;-9.000000953674316;;2.8095703125;53356;m2;189768;0;
..\..\world\dungeon\goldshireinn\innbarrel\innbarrel.m2;16963.845703125;482.6986389160156;22630.015625;0;359.5;0;;1;51592;m2;190885;0;
..\..\world\azeroth\theblastedlands\passivedoodads\bones\blastedlandsspine01.m2;16535.802734375;382.75213623046875;22627.107421875;2;323.39520263671875;-16.500003814697266;;1.2451171875;53352;m2;190441;0;
..\..\world\generic\troll\passivedoodads\trollskullpile\trollskullpile.m2;16645.96875;426.6685791015625;22848.166015625;0;69.35342407226562;0;;0.8193359375;351603;m2;200638;0;
..\..\world\azeroth\westfall\passivedoodads\barrel\westfallbarrel01.m2;17017.115234375;476.37457275390625;22665.3984375;54.9999885559082;183;127.5;;1;51613;m2;190535;0;
..\..\world\generic\troll\passivedoodads\trollskullpile\trollskullpile.m2;16645.716796875;426.5906982421875;22849.849609375;0;271.3046569824219;0;;1;351599;m2;200638;0;
..\..\world\azeroth\elwynn\passivedoodads\haystacks\haystack01.m2;16782.6953125;394.15838623046875;22438.65234375;0;292;0;;1;153675;m2;189810;0;
..\..\world\generic\human\passivedoodads\crates\stormwindcrate01.m2;16785.611328125;394.162109375;22432.75390625;0;15.5;0;;1;153664;m2;198168;0;
..\..\world\azeroth\stranglethorn\passivedoodads\trolldungeonsacks\trolldungeonsacks.m2;16630.048828125;426.58953857421875;22847.171875;6.000001430511475;215.7450714111328;7.000001430511475;;1;351592;m2;190347;0;
..\..\world\azeroth\stranglethorn\passivedoodads\trolldungeonpottery\trolldungeonpottery01.m2;16551.8515625;381.3503112792969;22639.48828125;2.5;13.5;8.500000953674316;;1;53335;m2;190341;0;
..\..\world\azeroth\westfall\passivedoodads\barrel\westfallbarrel01.m2;16762.65234375;395.03582763671875;22460.08203125;71.50001525878906;326;-77.5;;1;53373;m2;190535;0;
..\..\world\azeroth\elwynn\passivedoodads\haystacks\haystack01.m2;16786.810546875;394.1582946777344;22436.333984375;0;345.5;0;;1;153670;m2;189810;0;
..\..\world\azeroth\elwynn\passivedoodads\detail\elwynnrock2\elwynnrock2.m2;16551.765625;381.8125;22627.09765625;-4.5;236;0;;2.4296875;53355;m2;189770;0;
..\..\world\azeroth\westfall\passivedoodads\crate\westfallcrate.m2;16812.6484375;387.9752197265625;22413.62890625;5.499999523162842;0;6.999999523162842;;1;108261;m2;190543;0;
..\..\world\azeroth\elwynn\passivedoodads\detail\elwynnrock2\elwynnrock2.m2;16766.6484375;393.5238952636719;22444.16015625;0;269.506103515625;0;;3.2978515625;53387;m2;189770;0;
..\..\world\azeroth\westfall\passivedoodads\barrel\westfallbarrel01.m2;16781.83203125;394.4960021972656;22435.56640625;27.000001907348633;313.5;-90;;1;53405;m2;190535;0;
..\..\world\azeroth\elwynn\passivedoodads\haystacks\haystack01.m2;16786.818359375;394.8597717285156;22435.94140625;0;189.5;0;;1;153672;m2;189810;0;
..\..\world\azeroth\elwynn\passivedoodads\haystacks\haystack01.m2;16786.94921875;394.8597717285156;22434.853515625;0;351;0;;1;153673;m2;189810;0;
..\..\world\generic\orc\passivedoodads\barrelsandcrates\orcbarrel01.m2;16560.017578125;381.84735107421875;22635.05078125;0;41.36480712890625;0;;1;395683;m2;199090;0;
..\..\world\azeroth\westfall\passivedoodads\crate\westfallcrate.m2;16942.873046875;452.74603271484375;22617.26953125;-42.499996185302734;0;0;;1;51630;m2;190543;0;
..\..\world\azeroth\westfall\passivedoodads\harempillow02\harempillow02.m2;16748.5625;394.14300537109375;22423.33203125;9.000000953674316;0;-7.500000953674316;;1;53423;m2;190595;0;
..\..\world\azeroth\elwynn\passivedoodads\detail\elwynnrock1\elwynnrock1.m2;16765.05859375;393.5500793457031;22442.33203125;0;279.3935852050781;0;;3.1181640625;53384;m2;189768;0;
..\..\world\azeroth\theblastedlands\passivedoodads\bones\blastedlandsbonepile02.m2;16538.703125;382.6051330566406;22625.728515625;-10.999999046325684;306.50311279296875;-7.999999046325684;;1.02734375;53343;m2;190437;0;
..\..\world\azeroth\elwynn\passivedoodads\detail\elwynnrock2\elwynnrock2.m2;16549.15625;381.9370422363281;22627.3515625;0;294;-7.500000953674316;;2.439453125;53361;m2;189770;0;
..\..\world\azeroth\elwynn\passivedoodads\haystacks\haystack01.m2;16787.056640625;394.1582946777344;22434.36328125;0;354.5;0;;1;153674;m2;189810;0;
..\..\world\azeroth\elwynn\passivedoodads\detail\elwynnrock2\elwynnrock2.m2;16542.802734375;382.5408935546875;22621.06640625;-6.000000953674316;275.5;-2.499999523162842;;2.869140625;53362;m2;189770;0;
..\..\world\azeroth\westfall\passivedoodads\harempillow02\harempillow02.m2;16750.390625;394.15740966796875;22421.75;24.5;0;-3.499999761581421;;1;53422;m2;190595;0;
..\..\world\generic\orc\passivedoodads\weapons\orcaxe01.m2;16635.53515625;426.535400390625;22843.259765625;-10.500000953674316;219.17156982421875;-1.0000001192092896;;1;351610;m2;199430;0;
..\..\world\azeroth\elwynn\passivedoodads\haystacks\haystack01.m2;16786.845703125;394.1582946777344;22435.306640625;0;4;0;;1;153671;m2;189810;0;
..\..\world\generic\orc\passivedoodads\jugs\orcjug01.m2;16561.67578125;382.07696533203125;22628.458984375;0;0;0;;1;395679;m2;199191;0;
..\..\world\generic\human\passivedoodads\crates\stormwindcrate01.m2;16781.37890625;394.1540832519531;22438.77734375;0;85;0;;1;153667;m2;198168;0;
..\..\world\generic\human\passivedoodads\crates\replacecrate03.m2;16748.423828125;394.2312927246094;22438.65625;0;55.5;0;;1;53400;m2;198167;0;
..\..\world\azeroth\elwynn\passivedoodads\detail\elwynnrock2\elwynnrock2.m2;16764.12109375;393.50689697265625;22442.77734375;0;69.79534912109375;0;;2.3681640625;53383;m2;189770;0;
..\..\world\azeroth\elwynn\passivedoodads\detail\elwynnrock2\elwynnrock2.m2;16766.25;393.38812255859375;22445.130859375;0;14;0;;2.44921875;53388;m2;189770;0;
..\..\world\azeroth\stranglethorn\passivedoodads\trolldungeonsacks\trolldungeonsacks.m2;16551.794921875;381.4765625;22637.9453125;3.999999523162842;13.5;5.499999523162842;;1;53342;m2;190347;0;
..\..\world\azeroth\stranglethorn\passivedoodads\trolldungeonsacks\trolldungeonsacks.m2;16632.166015625;426.59027099609375;22846.5234375;-8.00000286102295;8.393798828125;-5.500000953674316;;1;351591;m2;190347;0;
..\..\world\azeroth\theblastedlands\passivedoodads\bones\blastedlandsspine01.m2;16538.322265625;382.9276428222656;22623.78515625;14.5;50.05670166015625;-2.999999523162842;;0.9990234375;53353;m2;190441;0;
..\..\world\generic\human\passivedoodads\tables\inntabletiny.m2;16749.01953125;394.0243835449219;22445.265625;0;359;0;;0.7294921875;53396;m2;198605;0;
..\..\world\azeroth\elwynn\passivedoodads\detail\elwynnrock1\elwynnrock1.m2;16766.599609375;393.48565673828125;22443.3125;0;256.10186767578125;0;;2.5556640625;53386;m2;189768;0;
..\..\world\azeroth\elwynn\passivedoodads\detail\elwynnrock1\elwynnrock1.m2;16549.72265625;381.9460144042969;22626.68359375;-0.9999998807907104;257.5;3.000000476837158;;2.5498046875;53354;m2;189768;0;
..\..\world\azeroth\westfall\passivedoodads\barrel\westfallbarrel01.m2;16812.8203125;388.06622314453125;22412.50390625;6.999999523162842;343;3.500000238418579;;1;108260;m2;190535;0;
..\..\world\azeroth\westfall\passivedoodads\harempillow01\harempillow01.m2;16744.228515625;394.1500549316406;22431.0546875;29.500003814697266;26.5;-19.5;;1;53425;m2;190592;0;
..\..\world\khazmodan\ironforge\passivedoodads\fences\dunmoroghstonefence04.m2;16953.326171875;483.5286560058594;22641.89453125;0;333;0;;1;51587;m2;203161;0;
..\..\world\khazmodan\ironforge\passivedoodads\fences\dunmoroghstonefence04.m2;16954.65625;483.4740295410156;22638.982421875;0;330;0;;1;51588;m2;203161;0;
..\..\world\khazmodan\ironforge\passivedoodads\fences\dunmoroghstonefence04.m2;16956.0625;483.0690612792969;22636.05859375;0;331.5;0;;1;51591;m2;203161;0;
..\..\world\khazmodan\ironforge\passivedoodads\fences\dunmoroghstonefence04.m2;16753.080078125;393.7655334472656;22438.349609375;0;0;0;;1;53414;m2;203161;0;
..\..\world\khazmodan\ironforge\passivedoodads\fences\dunmoroghstonefence04.m2;16753.40234375;393.69317626953125;22441.609375;0;12.5;0;;1;53415;m2;203161;0;
..\..\world\azeroth\elwynn\passivedoodads\detail\elwynnrock1\elwynnrock1.m2;16764.357421875;393.4081115722656;22445.25;0;281.61346435546875;0;;2.53125;53380;m2;189768;0;
..\..\world\generic\human\passivedoodads\ropes\cavekoboldropecoil.m2;16966.470703125;482.97760009765625;22632.73828125;0;0;0;;1;51603;m2;198422;0;
..\..\world\generic\human\passivedoodads\ropes\cavekoboldropecoil.m2;17055.103515625;433.7467041015625;22670.06640625;0;0;0;;1;51608;m2;198422;0;
..\..\world\generic\human\passivedoodads\ropes\cavekoboldropecoil.m2;16762.4296875;395.06781005859375;22461.484375;-8;0;0;;1;53376;m2;198422;0;
..\..\world\generic\human\passivedoodads\ropes\cavekoboldropecoil.m2;16814.396484375;388.242431640625;22411.23828125;1.5;0;2.5;;1;108264;m2;198422;0;
..\..\world\generic\human\passivedoodads\ropes\cavekoboldropecoil.m2;16784.775390625;395.3406677246094;22434.166015625;0;0;0;;1;153668;m2;198422;0;
..\..\world\azeroth\westfall\passivedoodads\barrel\westfallbarrel01.m2;16764.15234375;394.882080078125;22460.546875;-4.5;347;5.499999523162842;;1;53372;m2;190535;0;
..\..\world\azeroth\westfall\passivedoodads\harempillow01\harempillow01.m2;16744.455078125;394.051513671875;22430.375;-3;11.5;0;;1;53424;m2;190592;0;
..\..\world\azeroth\elwynn\passivedoodads\detail\elwynnrock2\elwynnrock2.m2;16965.798828125;484.12542724609375;22641.619140625;0;77;0;;2.1494140625;51645;m2;189770;0;
..\..\world\azeroth\westfall\passivedoodads\barrel\westfallbarrel01.m2;16962.251953125;482.5789489746094;22631.62109375;0;345;0;;1;51596;m2;190535;0;
..\..\world\generic\passivedoodads\furniture\containers\sack01.m2;16812.291015625;388.1600646972656;22402.865234375;0;330;0;;1;108267;m2;199745;0;
..\..\world\azeroth\westfall\passivedoodads\barrel\westfallbarrel01.m2;16811.896484375;387.93377685546875;22412.703125;3.500000238418579;0;7;;1;108259;m2;190535;0;
..\..\world\azeroth\theblastedlands\passivedoodads\bones\blastedlandsbonepile02.m2;16537.017578125;382.9922180175781;22624.712890625;-12.499999046325684;300.74072265625;-9.5;;0.7744140625;53344;m2;190437;0;
..\..\world\azeroth\westfall\passivedoodads\barrel\westfallbarrel01.m2;16763.779296875;394.67718505859375;22459.412109375;-8.500000953674316;0;-0.5;;1;53371;m2;190535;0;
..\..\world\generic\human\passivedoodads\lanterns\generallantern01.m2;16963.796875;484.3638916015625;22630.068359375;0;0.5;0;;0.8095703125;51601;m2;198327;0;
..\..\world\generic\dwarf\passivedoodads\powderkegs\powderkeg01.m2;16764.16015625;394.97247314453125;22461.73828125;-2;46;-11.499999046325684;;1;53375;m2;197463;0;
..\..\world\azeroth\stranglethorn\passivedoodads\trolldungeonpottery\trolldungeonpottery02.m2;16550.064453125;382.1734313964844;22640.03125;-0.4999999403953552;14.5;8.499999046325684;;1;53337;m2;190342;0;
..\..\world\azeroth\westfall\passivedoodads\harempillow01\harempillow01.m2;16751.369140625;394.1581726074219;22421.42578125;13.5;0;2.500000238418579;;1;53421;m2;190592;0;
..\..\world\azeroth\elwynn\passivedoodads\pick\pick.m2;16812.962890625;389.1070556640625;22412.888671875;-85.00000762939453;3.5;31.999990463256836;;1;108263;m2;189834;0;
..\..\world\azeroth\elwynn\passivedoodads\detail\elwynnrock2\elwynnrock2.m2;16549.060546875;381.7612609863281;22629.412109375;1.4999998807907104;20.5;-1;;1.8193359375;53360;m2;189770;0;
..\..\world\generic\dwarf\passivedoodads\powderkegs\powderkeg01.m2;16763.3203125;395.12091064453125;22461.85546875;-5.5;0;5.5;;1;53374;m2;197463;0;
..\..\world\azeroth\elwynn\passivedoodads\detail\elwynnrock2\elwynnrock2.m2;16965.078125;484.02203369140625;22640.91015625;0;320.5;0;;1.6494140625;51644;m2;189770;0;
..\..\world\azeroth\elwynn\passivedoodads\detail\elwynnrock2\elwynnrock2.m2;16543.837890625;382.62310791015625;22621.240234375;-9.5;191.5;10.999999046325684;;1.859375;53363;m2;189770;0;
..\..\world\generic\passivedoodads\furniture\containers\sack01.m2;16812.240234375;388.1510009765625;22403.66796875;1.0000001192092896;278.5;0;;1;108266;m2;199745;0;
..\..\world\azeroth\westfall\passivedoodads\barrel\westfallbarrel01.m2;16782.814453125;394.1600646972656;22436.888671875;2;359.5;2.000000238418579;;1;53404;m2;190535;0;
..\..\world\generic\dwarf\passivedoodads\powderkegs\powderkeg01.m2;16965.720703125;482.86566162109375;22631.48828125;-7.500000476837158;55.5;-0.5000002384185791;;1;51598;m2;197463;0;
..\..\world\generic\dwarf\passivedoodads\powderkegs\powderkeg01.m2;16966.3046875;482.9136962890625;22631.880859375;-3.5;340.5;3.499999761581421;;1;51600;m2;197463;0;
..\..\world\generic\human\passivedoodads\crates\replacecrate02.m2;16785.41015625;394.1585998535156;22435.68359375;0;295.5;0;;1;153676;m2;198166;0;
..\..\world\azeroth\stranglethorn\passivedoodads\trolldungeonpottery\trolldungeonpottery02.m2;16637.943359375;426.590087890625;22843.14453125;0;94.65011596679688;-2;;1;351595;m2;190342;0;
..\..\world\azeroth\westfall\passivedoodads\barrel\westfallbarrel01.m2;16963.1953125;482.6404113769531;22631.921875;0;0;0;;1;51595;m2;190535;0;
..\..\world\generic\passivedoodads\furniture\containers\sack01.m2;16813.017578125;388.17767333984375;22403.34765625;0.4999999403953552;0;1.500000238418579;;1;108265;m2;199745;0;
..\..\world\generic\passivedoodads\furniture\containers\sack01.m2;16812.580078125;388.3695068359375;22403.078125;0;0;0;;1;108268;m2;199745;0;
..\..\world\generic\dwarf\passivedoodads\powderkegs\powderkeg01.m2;16965.474609375;482.9076232910156;22632.21875;0;25.5;0;;1;51599;m2;197463;0;
..\..\world\generic\dwarf\passivedoodads\powderkegs\powderkeg01.m2;16784.580078125;395.4379577636719;22434.201171875;0;353;0;;1;153669;m2;197463;0;
..\..\world\generic\human\passivedoodads\buckets\cavekoboldbucket.m2;16812.869140625;388.1676940917969;22403.931640625;0;335;0;;1;108270;m2;198069;0;
..\..\world\azeroth\elwynn\passivedoodads\jars\jar01.m2;16939.09765625;451.2381896972656;22616.046875;46;49;4;;1;51634;m2;189815;0;
..\..\world\azeroth\elwynn\passivedoodads\detail\elwynnrock2\elwynnrock2.m2;16766.39453125;393.5021057128906;22442.42578125;0;77.5;0;;1.689453125;53385;m2;189770;0;
..\..\world\generic\passivedoodads\lights\candle01.m2;16748.8046875;394.8430480957031;22445.16015625;0;0;0;;1;53398;m2;199806;0;
..\..\world\azeroth\elwynn\passivedoodads\jugs\jug02.m2;16955.5625;452.48944091796875;22615.041015625;-30.500001907348633;0;-11;;1;51635;m2;189821;0;
..\..\world\azeroth\stranglethorn\passivedoodads\trolldungeonpottery\trolldungeonpottery03.m2;16550.525390625;382.298583984375;22639.57421875;-0.5000002980232239;44;10;;1;53338;m2;190343;0;
..\..\world\generic\passivedoodads\lights\candle02.m2;16550.65625;382.2397155761719;22640.33203125;3;21.5;4.999999523162842;;1;53339;m2;199807;0;
..\..\world\azeroth\theblastedlands\passivedoodads\bones\blastedlandsbonepile03.m2;16538.142578125;382.7639465332031;22625.09375;3.500000238418579;125.73416137695312;0.5000000596046448;;0.865234375;53345;m2;190438;0;
..\..\world\azeroth\elwynn\passivedoodads\detail\elwynnrock1\elwynnrock1.m2;16964.365234375;484.3244934082031;22642.046875;0;338;0;;1.5390625;51646;m2;189768;0;
..\..\world\azeroth\elwynn\passivedoodads\jars\jar01.m2;16770.873046875;394.2157287597656;22433.3046875;8.5;0;7.500000476837158;;1;53419;m2;189815;0;
..\..\world\generic\orc\passivedoodads\jars\jarorc06.m2;16632.3046875;426.5628967285156;22848.6953125;-3;48.20947265625;-4;;1;351606;m2;199184;0;
..\..\world\azeroth\elwynn\passivedoodads\jars\jar01.m2;16941.056640625;452.58795166015625;22617.931640625;-82.49995422363281;0;-5.499995231628418;;1;51633;m2;189815;0;
..\..\world\azeroth\elwynn\passivedoodads\jars\jar01.m2;16812.83203125;388.0671691894531;22413.578125;6.5;342.5;5.5;;1;108262;m2;189815;0;
..\..\world\generic\human\passivedoodads\buckets\cavekoboldbucket.m2;16774.287109375;393.822265625;22444.96484375;0.5;0;4.500000476837158;;1;53399;m2;198069;0;
..\..\world\azeroth\stranglethorn\passivedoodads\trolldungeonpottery\trolldungeonpottery03.m2;16631.298828125;426.59027099609375;22846.193359375;2.5000007152557373;98.03399658203125;-6.500000953674316;;1;351593;m2;190343;0;
..\..\world\generic\passivedoodads\lights\candle03.m2;16748.73046875;394.8426818847656;22445.52734375;0;0;0;;1;53397;m2;199808;0;
..\..\world\generic\orc\passivedoodads\jars\jarorc06.m2;16550.78515625;381.3022155761719;22642.466796875;0;332.5;0;;1;395674;m2;199184;0;
..\..\world\generic\passivedoodads\furniture\containers\sack02.m2;16811.501953125;388.1466064453125;22403.599609375;0.5;0;-0.5000000596046448;;1;108269;m2;199746;0;
..\..\world\azeroth\theblastedlands\passivedoodads\bones\blastedlandsskull02.m2;16541.595703125;383.94091796875;22621.17578125;7.999998092651367;330.702880859375;-4.499999523162842;;1.087890625;53370;m2;190440;0;
..\..\world\azeroth\theblastedlands\passivedoodads\bones\blastedlandsbonepile03.m2;16537.21484375;382.8244934082031;22625.48828125;0;77.90921020507812;0;;0.828125;53346;m2;190438;0;
..\..\world\generic\human\passivedoodads\bottles\bottle01.m2;16775.275390625;393.88177490234375;22444.02734375;0;325.5;0;;1;53408;m2;198057;0;
..\..\world\generic\human\passivedoodads\bottles\bottle01.m2;16775.408203125;393.8945617675781;22443.75390625;0;0;0;;1;53409;m2;198057;0;
..\..\world\generic\human\passivedoodads\bottles\bottle01.m2;16775.599609375;393.9095458984375;22444.19140625;0;21;0;;1;53410;m2;198057;0;
..\..\world\generic\human\passivedoodads\bottles\bottle01.m2;16775.521484375;393.90191650390625;22444.48046875;0;342;0;;1;53411;m2;198057;0;
..\..\world\generic\orc\passivedoodads\bowls\bowlwood02.m2;16641.185546875;426.5945739746094;22848.234375;0;269.2391662597656;0;;1;351608;m2;199122;0;
..\..\world\azeroth\westfall\passivedoodads\westfallchair\westfallchair.m2;16769.494140625;394.1422119140625;22433.55078125;4.999999523162842;0;2.500000238418579;;0.9697265625;53417;m2;190658;0;
..\..\world\azeroth\theblastedlands\passivedoodads\bones\blastedlandsskull02.m2;16542.181640625;383.90460205078125;22621.37109375;17.5;359.93743896484375;-7;;1.1484375;53369;m2;190440;0;
..\..\world\azeroth\elwynn\passivedoodads\jugs\jug02.m2;16781.1328125;394.2307434082031;22432.921875;2.500000238418579;0;-0.5000000596046448;;1;53406;m2;189821;0;
..\..\world\azeroth\theblastedlands\passivedoodads\bones\blastedlandsskull02.m2;16539.37890625;382.50494384765625;22625.806640625;3.499999761581421;7.0185546875;-8.499999046325684;;1.2216796875;53351;m2;190440;0;
..\..\world\azeroth\westfall\passivedoodads\westfallchair\westfallchair.m2;16816.373046875;388.2891540527344;22410.65625;0;0;0;;1;108257;m2;190658;0;
..\..\world\generic\dwarf\passivedoodads\steins\dwarvenstein01.m2;16753.095703125;395.10662841796875;22438.716796875;1.999999761581421;0;3.000000238418579;;1;53391;m2;197551;0;
..\..\world\generic\dwarf\passivedoodads\steins\dwarvenstein02.m2;16753.15625;395.0859680175781;22439.796875;-0.5;26.5;2.5;;1;53392;m2;197552;0;
..\..\world\generic\dwarf\passivedoodads\steins\dwarvenstein02.m2;16749.35546875;394.8450012207031;22445.224609375;1;358.5;2.000000476837158;;1;53393;m2;197552;0;
..\..\world\generic\dwarf\passivedoodads\steins\dwarvenstein01.m2;16816.392578125;388.90838623046875;22410.6796875;0;338.5;0;;1;108258;m2;197551;0;
..\..\world\generic\orc\passivedoodads\jars\jarorc02.m2;16631.8046875;426.6202087402344;22848.951171875;0;303.18792724609375;0;;1;351605;m2;199180;0;
..\..\world\generic\orc\passivedoodads\jars\jarorc01.m2;16559.984375;382.99560546875;22634.92578125;0;207.20846557617188;0;;1;395684;m2;199179;0;
..\..\world\generic\human\passivedoodads\bottles\greenbottle01.m2;16774.455078125;393.8330078125;22444.416015625;-10;25;3.5;;1;53412;m2;198060;0;
..\..\world\azeroth\elwynn\passivedoodads\jars\jar03.m2;16771.10546875;394.1729431152344;22434.046875;3;0;0;;1;53418;m2;189817;0;
..\..\world\generic\orc\passivedoodads\jars\jarorc02.m2;16551.1875;381.2330627441406;22642.16796875;0;0;0;;1;395673;m2;199180;0;
..\..\world\azeroth\elwynn\passivedoodads\jars\jar03.m2;17054.443359375;433.72698974609375;22669.947265625;0;0;0;;1;51609;m2;189817;0;
..\..\world\generic\orc\passivedoodads\bowls\bowlwood01.m2;16640.697265625;426.59442138671875;22848.59765625;0;354.35284423828125;0;;1;351609;m2;199121;0;
..\..\world\azeroth\elwynn\passivedoodads\jars\jar02.m2;17054.453125;433.73199462890625;22670.638671875;0;0;0;;1;51610;m2;189816;0;
..\..\world\azeroth\elwynn\passivedoodads\jars\jar02.m2;16772.984375;393.7750244140625;22446.857421875;0;0;0;;1;53420;m2;189816;0;
..\..\world\azeroth\theblastedlands\passivedoodads\bones\blastedlandsbone01.m2;16537.033203125;382.716552734375;22626.388671875;0;256.9149169921875;0;;1.224609375;53349;m2;190436;0;
..\..\world\generic\orc\passivedoodads\bowls\bowlwood01.m2;16541.8828125;383.89910888671875;22621.724609375;7.500000476837158;0;-4.5;;1;395675;m2;199121;0;
..\..\world\azeroth\theblastedlands\passivedoodads\bones\blastedlandsbone01.m2;16537.697265625;382.8893737792969;22624.640625;0;22.239776611328125;0;;0.9794921875;53347;m2;190436;0;
..\..\world\azeroth\theblastedlands\passivedoodads\bones\blastedlandsbone01.m2;16537.689453125;382.5812072753906;22626.80859375;0;282.52484130859375;0;;0.8388671875;53350;m2;190436;0;
..\..\world\wmo\dungeon\md_caveden\md_iceden.wmo;16967.921875;485.44635009765625;22641.78515625;0;189.5;0;0;1;51586;wmo;110491;0;Set_$DefaultGlobal
..\..\world\wmo\kalimdor\collidabledoodads\tanaris\trolltent\trolltentsand01.wmo;16641.9296875;428.203125;22851.015625;0;232.5;0;0;1;351590;wmo;113345;0;Set_$DefaultGlobal
..\..\world\wmo\kalimdor\buildings\trollhut\trollhut_desert.wmo;16550.126953125;380.36907958984375;22649.759765625;0;104.5;0;0;1;395666;wmo;113204;0;Set_$DefaultGlobal
..\..\world\wmo\kalimdor\collidabledoodads\tanaris\trolltent\trolltentdesert01.wmo;16568.982421875;382.4036865234375;22632.078125;0;264.5;0;0;1;395669;wmo;113343;0;Set_$DefaultGlobal
