ModelFile;PositionX;PositionY;PositionZ;RotationX;RotationY;RotationZ;RotationW;ScaleFactor;ModelId;Type;FileDataID;DoodadSetIndexes;DoodadSetNames
..\..\world\critter\birds\bird02.m2;20338.83203125;144.12872314453125;16878.564453125;0;164.5;0;;4.7099609375;195029;m2;190720;0;
..\..\world\critter\birds\bird02.m2;20400.767578125;151.43502807617188;16610.240234375;0;164.5;0;;4.5693359375;195030;m2;190720;0;
..\..\world\critter\birds\bird02.m2;20339.30078125;181.1575469970703;16859.095703125;0;302;0;;4.7099609375;195028;m2;190720;0;
..\..\world\critter\birds\bird02.m2;20881.296875;189.3575897216797;16693.310546875;0;146.99993896484375;0;;4.5693359375;195035;m2;190720;0;
..\..\world\critter\birds\bird02.m2;20879.80859375;196.63705444335938;16745.806640625;0;146.99993896484375;0;;4.5693359375;195036;m2;190720;0;
..\..\world\critter\birds\bird02.m2;20826.4921875;171.2172393798828;17079.583984375;0;234.49998474121094;0;;4.5693359375;195055;m2;190720;0;
..\..\world\critter\birds\bird02.m2;20410.05078125;156.9048614501953;16639.689453125;0;323.5;0;;4.5693359375;195031;m2;190720;0;
..\..\world\critter\birds\bird02.m2;20464.47265625;115.7930908203125;16442.7578125;0;323.5;0;;4.5693359375;195032;m2;190720;0;
..\..\world\critter\birds\bird02.m2;20779.42578125;151.58277893066406;16519.4453125;0;323.5;0;;4.5693359375;195033;m2;190720;0;
..\..\world\critter\birds\bird02.m2;20853.763671875;176.1290740966797;16717.490234375;0;323.5;0;;4.5693359375;195034;m2;190720;0;
..\..\world\lordaeron\aeriepeaks\passivedoodads\trees\aerietree02.m2;20643.390625;120.274169921875;16590.302734375;0;328.74298095703125;0;;1.37109375;183337;m2;203588;0;
..\..\world\lordaeron\aeriepeaks\passivedoodads\trees\aerietree03.m2;20383.59765625;113.17710876464844;16905.759765625;0;107.3997802734375;0;;0.912109375;184267;m2;203589;0;
..\..\world\lordaeron\aeriepeaks\passivedoodads\trees\aerietree03.m2;20335.423828125;115.11576080322266;16965.984375;0;18.3997802734375;0;;0.912109375;183974;m2;203589;0;
..\..\world\lordaeron\aeriepeaks\passivedoodads\trees\aerietree03.m2;20418.28125;113.2802505493164;16733.626953125;0;33.8997802734375;0;;0.912109375;184273;m2;203589;0;
..\..\world\lordaeron\aeriepeaks\passivedoodads\trees\aerietree02.m2;20283.18359375;115.28105926513672;16830.0546875;0;166.0137939453125;0;;1.0927734375;184245;m2;203588;0;
..\..\world\lordaeron\aeriepeaks\passivedoodads\trees\aerietree01.m2;20745.376953125;127.29931640625;16719.369140625;0;327.59326171875;0;;2.1396484375;183299;m2;203587;0;
..\..\world\lordaeron\aeriepeaks\passivedoodads\trees\aerietree02.m2;20381.380859375;115.32292938232422;16912.525390625;0;95.74295043945312;0;;1.041015625;184266;m2;203588;0;
..\..\world\lordaeron\aeriepeaks\passivedoodads\trees\aerietree02.m2;20393.6171875;110.35350036621094;16778.763671875;0;95.74295043945312;0;;1.041015625;184269;m2;203588;0;
..\..\world\lordaeron\aeriepeaks\passivedoodads\trees\aerietree02.m2;20369.2734375;116.04058074951172;16737.1328125;0;237.4062957763672;0;;1.01953125;184261;m2;203588;0;
..\..\world\lordaeron\aeriepeaks\passivedoodads\trees\aerietree02.m2;20740.19921875;140.1920166015625;17041.94921875;0;287.11895751953125;0;;1.0107421875;183229;m2;203588;0;
..\..\world\lordaeron\aeriepeaks\passivedoodads\trees\aerietree01.m2;20589.04296875;114.9570083618164;16623.87890625;0;246.501708984375;0;;2.03125;183351;m2;203587;0;
..\..\world\lordaeron\aeriepeaks\passivedoodads\trees\aerietree01.m2;20443.4609375;116.6810073852539;17082.78515625;0;293.501708984375;0;;2.03125;183895;m2;203587;0;
..\..\world\lordaeron\aeriepeaks\passivedoodads\trees\aerietree01.m2;20357.75;118.0289077758789;17048.3359375;0;284.501708984375;0;;2.03125;183978;m2;203587;0;
..\..\world\lordaeron\aeriepeaks\passivedoodads\trees\aerietree02.m2;20615.630859375;115.65225982666016;16709.021484375;0;148.7708740234375;0;;1.005859375;183340;m2;203588;0;
..\..\world\lordaeron\aeriepeaks\passivedoodads\trees\aerietree02.m2;20676.298828125;124.1785888671875;17001.875;0;347;0;;1;183473;m2;203588;0;
..\..\world\lordaeron\aeriepeaks\passivedoodads\trees\aerietree02.m2;20623.67578125;125.65982055664062;16786.521484375;0;0;0;;1;183496;m2;203588;0;
..\..\world\lordaeron\aeriepeaks\passivedoodads\trees\aerietree02.m2;20595.416015625;132.49241638183594;16789.267578125;0;31;0;;1;183508;m2;203588;0;
..\..\world\lordaeron\aeriepeaks\passivedoodads\trees\aerietree02.m2;20576.80859375;158.6770782470703;16819.62109375;0;0;0;;1;183511;m2;203588;0;
..\..\world\lordaeron\aeriepeaks\passivedoodads\trees\aerietree02.m2;20530.041015625;156.6067352294922;16827.060546875;0;0;0;;1;183519;m2;203588;0;
..\..\world\lordaeron\aeriepeaks\passivedoodads\trees\aerietree02.m2;20460.01953125;118.12346649169922;16895.19921875;0;244.34341430664062;0;;1;183804;m2;203588;0;
..\..\world\lordaeron\aeriepeaks\passivedoodads\trees\aerietree02.m2;20537.787109375;129.88771057128906;16881.560546875;0;189.28924560546875;0;;1;183810;m2;203588;0;
..\..\world\lordaeron\aeriepeaks\passivedoodads\trees\aerietree02.m2;20583.623046875;108.78877258300781;16970.267578125;0;0;0;;1;362819;m2;203588;0;
..\..\world\lordaeron\aeriepeaks\passivedoodads\trees\aerietree03.m2;20548.1484375;130.2124481201172;16758.642578125;0;0;0;;0.779296875;183480;m2;203589;0;
..\..\world\lordaeron\aeriepeaks\passivedoodads\trees\aerietree01.m2;20464.642578125;105.71575927734375;16579.087890625;0;355.8187255859375;0;;1.9755859375;183380;m2;203587;0;
..\..\world\lordaeron\aeriepeaks\passivedoodads\trees\aerietree01.m2;20750.224609375;129.80648803710938;16911.1171875;0;10.8187255859375;0;;1.9755859375;183427;m2;203587;0;
..\..\world\lordaeron\aeriepeaks\passivedoodads\trees\aerietree01.m2;20460.353515625;118.32037353515625;16976.638671875;0;42.818756103515625;0;;1.9755859375;183922;m2;203587;0;
..\..\world\lordaeron\aeriepeaks\passivedoodads\trees\aerietree01.m2;20661.37109375;120.87003326416016;16655.798828125;0;47.318756103515625;0;;1.9755859375;183329;m2;203587;0;
..\..\world\lordaeron\aeriepeaks\passivedoodads\trees\aerietree01.m2;20678.193359375;120.49236297607422;16563.84375;0;355.8187255859375;0;;1.9755859375;183335;m2;203587;0;
..\..\world\lordaeron\aeriepeaks\passivedoodads\trees\aerietree01.m2;20398.974609375;117.2637710571289;16680.84375;0;311.8187561035156;0;;1.9755859375;183386;m2;203587;0;
..\..\world\lordaeron\aeriepeaks\passivedoodads\trees\aerietree01.m2;20751.822265625;127.6240463256836;16812.255859375;0;319.3187561035156;0;;1.9755859375;183430;m2;203587;0;
..\..\world\lordaeron\aeriepeaks\passivedoodads\trees\aerietree01.m2;20706.255859375;123.82039642333984;17032.916015625;0;293.8187561035156;0;;1.9755859375;183433;m2;203587;0;
..\..\world\lordaeron\aeriepeaks\passivedoodads\trees\aerietree01.m2;20516.130859375;118.18704986572266;17051.658203125;0;94.31875610351562;0;;1.9755859375;183897;m2;203587;0;
..\..\world\lordaeron\aeriepeaks\passivedoodads\trees\aerietree01.m2;20413.208984375;118.19550323486328;17036.236328125;0;33.8187255859375;0;;1.9755859375;183982;m2;203587;0;
..\..\world\lordaeron\aeriepeaks\passivedoodads\trees\aerietree01.m2;20272.21875;117.42926788330078;16988.302734375;0;349.3187255859375;0;;1.9755859375;184033;m2;203587;0;
..\..\world\lordaeron\aeriepeaks\passivedoodads\trees\aerietree01.m2;20335.78125;121.0862808227539;16701.21484375;0;292.8187561035156;0;;1.9755859375;184276;m2;203587;0;
..\..\world\lordaeron\aeriepeaks\passivedoodads\trees\aerietree01.m2;20351.458984375;122.31419372558594;16648.00390625;0;311.8187561035156;0;;1.9755859375;183389;m2;203587;0;
..\..\world\lordaeron\aeriepeaks\passivedoodads\trees\aerietree01.m2;20627.70703125;118.86253356933594;17055.5703125;0;54.318756103515625;0;;1.9755859375;183887;m2;203587;0;
..\..\world\lordaeron\aeriepeaks\passivedoodads\trees\aerietree02.m2;20588.6953125;113.0647964477539;16615.5;0;334.1533203125;0;;0.97265625;183353;m2;203588;0;
..\..\world\lordaeron\aeriepeaks\passivedoodads\trees\aerietree02.m2;20502.03515625;118.0580825805664;16996.66796875;0;330.65325927734375;0;;0.97265625;183917;m2;203588;0;
..\..\world\lordaeron\aeriepeaks\passivedoodads\trees\aerietree02.m2;20630.30859375;121.20881652832031;16631.310546875;0;6.1533203125;0;;0.97265625;183345;m2;203588;0;
..\..\world\lordaeron\aeriepeaks\passivedoodads\trees\aerietree02.m2;20316.00390625;117.833740234375;17021.513671875;0;12.153289794921875;0;;0.97265625;183968;m2;203588;0;
..\..\world\lordaeron\aeriepeaks\passivedoodads\trees\aerietree02.m2;20377.791015625;116.55838012695312;16947.91015625;0;321.65325927734375;0;;0.97265625;183991;m2;203588;0;
..\..\world\lordaeron\aeriepeaks\passivedoodads\trees\aerietree03.m2;20289.89453125;155.41897583007812;16646.783203125;0;42.286376953125;0;;0.763671875;397831;m2;203589;0;
..\..\world\lordaeron\aeriepeaks\passivedoodads\trees\aerietree03.m2;20270.0078125;195.32569885253906;16522.724609375;0;42.286376953125;0;;0.763671875;397849;m2;203589;0;
..\..\world\lordaeron\aeriepeaks\passivedoodads\trees\aerietree03.m2;20468.755859375;121.26685333251953;16888.580078125;0;55.69140625;0;;0.759765625;183802;m2;203589;0;
..\..\world\lordaeron\aeriepeaks\passivedoodads\trees\aerietree01.m2;20749.978515625;132.07186889648438;16763.6953125;0;291.5381774902344;0;;1.8974609375;183292;m2;203587;0;
..\..\world\lordaeron\aeriepeaks\passivedoodads\trees\aerietree01.m2;20337.298828125;113.88469696044922;16785.9453125;0;26.5382080078125;0;;1.8974609375;184248;m2;203587;0;
..\..\world\lordaeron\aeriepeaks\passivedoodads\trees\aerietree01.m2;20666.22265625;126.96063995361328;16954.642578125;0;0;0;;1.859375;183469;m2;203587;0;
..\..\world\lordaeron\aeriepeaks\passivedoodads\trees\aerietree01.m2;20613.478515625;131.2788543701172;16868.72265625;0;352.5;0;;1.859375;183820;m2;203587;0;
..\..\world\lordaeron\aeriepeaks\passivedoodads\trees\aerietree01.m2;20485.9921875;126.9789810180664;16844.236328125;0;81.05960083007812;0;;1.849609375;183782;m2;203587;0;
..\..\world\lordaeron\aeriepeaks\passivedoodads\trees\aerietree02.m2;20299.453125;171.14137268066406;16552.126953125;0;36.820068359375;0;;0.9140625;397809;m2;203588;0;
..\..\world\lordaeron\aeriepeaks\passivedoodads\trees\aerietree02.m2;20307.95703125;173.99063110351562;16612.876953125;0;36.820068359375;0;;0.9140625;397810;m2;203588;0;
..\..\world\lordaeron\aeriepeaks\passivedoodads\trees\aerietree03.m2;20706.57421875;132.76834106445312;16929.20703125;0;209;0;;0.7197265625;183454;m2;203589;0;
..\..\world\lordaeron\aeriepeaks\passivedoodads\trees\aerietree03.m2;20618.51953125;130.11170959472656;16879.47265625;0;352.5;0;;0.7197265625;183821;m2;203589;0;
..\..\world\lordaeron\aeriepeaks\passivedoodads\trees\aerietree03.m2;20672.62109375;129.31597900390625;16964.642578125;0;0;0;;0.7197265625;183468;m2;203589;0;
..\..\world\lordaeron\aeriepeaks\passivedoodads\trees\aerietree03.m2;20705.791015625;123.0699234008789;16776.3359375;0;116.5;0;;0.7197265625;183444;m2;203589;0;
..\..\world\lordaeron\aeriepeaks\passivedoodads\trees\aerietree02.m2;20489.787109375;118.75694274902344;16629.072265625;0;196.36123657226562;0;;0.908203125;183379;m2;203588;0;
..\..\world\lordaeron\aeriepeaks\passivedoodads\trees\aerietree02.m2;20597.666015625;118.03011322021484;16940.53125;0;239.36123657226562;0;;0.908203125;183835;m2;203588;0;
..\..\world\lordaeron\aeriepeaks\passivedoodads\trees\aerietree02.m2;20410.2421875;119.36331939697266;17042.80078125;0;276.1948547363281;0;;0.90234375;183981;m2;203588;0;
..\..\world\lordaeron\aeriepeaks\passivedoodads\trees\aerietree02.m2;20386.40625;117.7322769165039;17010.837890625;0;327.6948547363281;0;;0.90234375;235641;m2;203588;0;
..\..\world\lordaeron\aeriepeaks\passivedoodads\trees\aerietree02.m2;20659.125;120.11158752441406;16702.740234375;0;238.19479370117188;0;;0.90234375;183333;m2;203588;0;
..\..\world\lordaeron\aeriepeaks\passivedoodads\trees\aerietree02.m2;20671.81640625;120.849609375;16567.189453125;0;238.19479370117188;0;;0.90234375;183336;m2;203588;0;
..\..\world\lordaeron\aeriepeaks\passivedoodads\trees\aerietree02.m2;20344.544921875;126.87197875976562;16645.982421875;0;194.19485473632812;0;;0.90234375;183391;m2;203588;0;
..\..\world\lordaeron\aeriepeaks\passivedoodads\trees\aerietree02.m2;20458.26171875;110.07671356201172;16582.435546875;0;238.19479370117188;0;;0.90234375;183382;m2;203588;0;
..\..\world\lordaeron\aeriepeaks\passivedoodads\trees\aerietree02.m2;20532.50390625;108.93135833740234;16624.671875;0;194.19485473632812;0;;0.90234375;183385;m2;203588;0;
..\..\world\lordaeron\aeriepeaks\passivedoodads\trees\aerietree02.m2;20744.703125;127.2142562866211;16811.15234375;0;201.69485473632812;0;;0.90234375;183429;m2;203588;0;
..\..\world\lordaeron\aeriepeaks\passivedoodads\trees\aerietree02.m2;20265.501953125;117.93196868896484;16990.908203125;0;231.69485473632812;0;;0.90234375;184031;m2;203588;0;
..\..\world\lordaeron\aeriepeaks\passivedoodads\trees\aerietree02.m2;20329.900390625;126.70870208740234;16697.048828125;0;175.19482421875;0;;0.90234375;184277;m2;203588;0;
..\..\world\lordaeron\aeriepeaks\passivedoodads\trees\aerietree02.m2;20469.46875;121.08455657958984;16785.26953125;0;259.5599365234375;0;;0.8994140625;183790;m2;203588;0;
..\..\world\lordaeron\aeriepeaks\passivedoodads\trees\aerietree02.m2;20627.130859375;127.91422271728516;16920.79296875;0;269.160888671875;0;;0.892578125;183823;m2;203588;0;
..\..\world\lordaeron\aeriepeaks\passivedoodads\trees\aerietree02.m2;20252.71875;119.7642593383789;16750.0546875;0;243.660888671875;0;;0.892578125;184442;m2;203588;0;
..\..\world\lordaeron\aeriepeaks\passivedoodads\trees\aerietree02.m2;20588.32421875;128.9449920654297;16896.392578125;0;166.160888671875;0;;0.892578125;183826;m2;203588;0;
..\..\world\lordaeron\aeriepeaks\passivedoodads\trees\aerietree02.m2;20640.916015625;129.82357788085938;16924.314453125;0;131.89352416992188;0;;0.8916015625;183825;m2;203588;0;
..\..\world\lordaeron\aeriepeaks\passivedoodads\trees\aerietree02.m2;20479.626953125;125.89473724365234;16840.3125;0;141.67303466796875;0;;0.8896484375;183784;m2;203588;0;
..\..\models\unknown\unk_exp00_7568169\7568169.m2;20667.58203125;98.24137115478516;16513.265625;0;68.00006103515625;0;;1;70062461;m2;7568169;0;
..\..\world\lordaeron\aeriepeaks\passivedoodads\trees\aerietree03.m2;20676.076171875;124.24072265625;17008.46484375;0;347;0;;0.69921875;183474;m2;203589;0;
..\..\world\lordaeron\aeriepeaks\passivedoodads\trees\aerietree01.m2;20299.6015625;181.7412872314453;16525.388671875;0;115.08895874023438;0;;1.7509765625;397802;m2;203587;0;
..\..\world\lordaeron\aeriepeaks\passivedoodads\trees\aerietree02.m2;20740.56640625;128.7474822998047;16711.6015625;0;46.67523193359375;0;;0.8701171875;183301;m2;203588;0;
..\..\world\lordaeron\aeriepeaks\passivedoodads\trees\aerietree02.m2;20669.9296875;117.87552642822266;16556.111328125;0;135.82748413085938;0;;0.8671875;183272;m2;203588;0;
..\..\world\lordaeron\aeriepeaks\passivedoodads\trees\aerietree03.m2;20617.943359375;114.69091796875;16702.80078125;0;167.95361328125;0;;0.681640625;183341;m2;203589;0;
..\..\world\lordaeron\aeriepeaks\passivedoodads\trees\aerietree02.m2;20357.703125;131.29930114746094;16578.689453125;0;24.796905517578125;0;;0.8603515625;183397;m2;203588;0;
..\..\world\critter\birds\bird02.m2;20690.392578125;125.6747817993164;16600.58984375;0;317;0;;1;365027;m2;190720;0;
..\..\world\lordaeron\aeriepeaks\passivedoodads\trees\aerietree02.m2;20792.68359375;138.27294921875;16698.724609375;0;0;0;;0.849609375;183275;m2;203588;0;
..\..\world\lordaeron\aeriepeaks\passivedoodads\trees\aerietree02.m2;20753.939453125;131.04931640625;16856.228515625;0;333.5;0;;0.849609375;183278;m2;203588;0;
..\..\world\lordaeron\aeriepeaks\passivedoodads\trees\aerietree02.m2;20762.423828125;126.26978302001953;16653.162109375;0;156.28045654296875;0;;0.8408203125;183281;m2;203588;0;
..\..\world\lordaeron\aeriepeaks\passivedoodads\trees\aerietree03.m2;20290.45703125;115.53697204589844;16780.095703125;0;85.5;0;;0.6591796875;184250;m2;203589;0;
..\..\world\lordaeron\aeriepeaks\passivedoodads\trees\aerietree03.m2;20524.7109375;152.4967803955078;16799.376953125;0;0;0;;0.6591796875;183516;m2;203589;0;
..\..\world\lordaeron\aeriepeaks\passivedoodads\trees\aerietree02.m2;20657.21484375;125.71888732910156;16863.298828125;0;100.88168334960938;0;;0.826171875;183467;m2;203588;0;
..\..\world\lordaeron\aeriepeaks\passivedoodads\trees\aerietree02.m2;20510.728515625;122.4007568359375;16758.7890625;0;251.8817138671875;0;;0.826171875;183538;m2;203588;0;
..\..\world\lordaeron\aeriepeaks\passivedoodads\trees\aerietree02.m2;20693.349609375;131.92030334472656;16884.51953125;0;251.8817138671875;0;;0.826171875;183464;m2;203588;0;
..\..\world\lordaeron\aeriepeaks\passivedoodads\trees\aerietree03.m2;20365.97265625;137.4171905517578;16549.642578125;0;131.4774169921875;0;;0.6484375;183399;m2;203589;0;
..\..\world\lordaeron\aeriepeaks\passivedoodads\trees\aerietree01.m2;20792.509765625;137.6412811279297;16706.447265625;0;0;0;;1.6494140625;183274;m2;203587;0;
..\..\world\lordaeron\aeriepeaks\passivedoodads\trees\aerietree01.m2;20750.337890625;130.7789764404297;16863.0625;0;333.5;0;;1.6494140625;183277;m2;203587;0;
..\..\world\lordaeron\aeriepeaks\passivedoodads\trees\aerietree02.m2;20699.1875;122.48374938964844;16770.01171875;0;116.5;0;;0.8193359375;183446;m2;203588;0;
..\..\world\lordaeron\aeriepeaks\passivedoodads\trees\aerietree02.m2;20700.541015625;130.81370544433594;16936.083984375;0;209;0;;0.8193359375;183455;m2;203588;0;
..\..\world\lordaeron\aeriepeaks\passivedoodads\trees\aerietree02.m2;20490.59765625;130.1060791015625;16807.01953125;0;0;0;;0.8193359375;183534;m2;203588;0;
..\..\world\lordaeron\aeriepeaks\passivedoodads\trees\aerietree02.m2;20627.45703125;130.44651794433594;16877.533203125;0;352.5;0;;0.8193359375;183822;m2;203588;0;
..\..\world\lordaeron\aeriepeaks\passivedoodads\trees\aerietree01.m2;20540.333984375;128.79208374023438;16757.390625;0;10.5;0;;1.6396484375;183481;m2;203587;0;
..\..\world\lordaeron\aeriepeaks\passivedoodads\trees\aerietree02.m2;20498.080078125;122.8420181274414;16763.970703125;0;71.49163818359375;0;;0.8154296875;183537;m2;203588;0;
..\..\world\lordaeron\aeriepeaks\passivedoodads\trees\aerietree02.m2;20709.080078125;130.8911895751953;16845.8828125;0;12.5;0;;0.8095703125;183449;m2;203588;0;
..\..\world\lordaeron\aeriepeaks\passivedoodads\trees\aerietree01.m2;20473.865234375;118.05400848388672;16943.58203125;0;58.44903564453125;0;;1.6240234375;183818;m2;203587;0;
..\..\world\lordaeron\aeriepeaks\passivedoodads\trees\aerietree01.m2;20306.90625;114.92095184326172;16868.564453125;0;58.44903564453125;0;;1.6240234375;184045;m2;203587;0;
..\..\world\lordaeron\aeriepeaks\passivedoodads\trees\aerietree01.m2;20365.919921875;112.29183197021484;16816.189453125;0;58.44903564453125;0;;1.6240234375;184049;m2;203587;0;
..\..\world\lordaeron\aeriepeaks\passivedoodads\trees\aerietree01.m2;20448.46875;117.7222671508789;16763.990234375;0;58.44903564453125;0;;1.6240234375;184053;m2;203587;0;
..\..\world\lordaeron\aeriepeaks\passivedoodads\trees\aerietree01.m2;20587.86328125;119.8023681640625;17036.3984375;0;58.44903564453125;0;;1.6240234375;183879;m2;203587;0;
..\..\world\lordaeron\aeriepeaks\passivedoodads\trees\aerietree02.m2;20469.380859375;120.31301879882812;17024.705078125;0;318.5244140625;0;;0.8017578125;183899;m2;203588;0;
..\..\world\lordaeron\aeriepeaks\passivedoodads\trees\aerietree02.m2;20388.20703125;114.26834106445312;16900.111328125;0;38.5244140625;0;;0.8017578125;184268;m2;203588;0;
..\..\world\lordaeron\aeriepeaks\passivedoodads\trees\aerietree02.m2;20341.154296875;117.5621337890625;16970.494140625;0;309.5244140625;0;;0.8017578125;235642;m2;203588;0;
..\..\world\lordaeron\aeriepeaks\passivedoodads\trees\aerietree02.m2;20535.287109375;157.6179962158203;16827.966796875;0;0;0;;0.7998046875;183520;m2;203588;0;
..\..\world\lordaeron\aeriepeaks\passivedoodads\trees\aerietree03.m2;20585.5078125;121.47528839111328;16916.96875;0;299.5;0;;0.6298828125;183866;m2;203589;0;
..\..\world\lordaeron\aeriepeaks\passivedoodads\trees\aerietree03.m2;20696.59375;124.90798950195312;16676.142578125;0;334.4173583984375;0;;0.6279296875;183322;m2;203589;0;
..\..\world\lordaeron\aeriepeaks\passivedoodads\trees\aerietree03.m2;20255.814453125;118.22247314453125;16811.07421875;0;83.4173583984375;0;;0.6279296875;184262;m2;203589;0;
..\..\world\lordaeron\aeriepeaks\passivedoodads\trees\aerietree03.m2;20555.033203125;116.74520111083984;17039.76953125;0;21.4173583984375;0;;0.6279296875;183909;m2;203589;0;
..\..\world\lordaeron\aeriepeaks\passivedoodads\trees\aerietree02.m2;20523.55078125;152.32542419433594;16863.162109375;0;0;0;;0.7890625;183530;m2;203588;0;
..\..\world\lordaeron\aeriepeaks\passivedoodads\trees\aerietree01.m2;20364.828125;115.5350112915039;16728.498046875;0;210.28021240234375;0;;1.58203125;184260;m2;203587;0;
..\..\world\lordaeron\aeriepeaks\passivedoodads\trees\aerietree02.m2;20438.798828125;116.67385864257812;16810.126953125;0;236.86148071289062;0;;0.779296875;183786;m2;203588;0;
..\..\world\lordaeron\aeriepeaks\passivedoodads\trees\aerietree02.m2;20756.48828125;125.02854919433594;16649.72265625;0;306.96734619140625;0;;0.779296875;183285;m2;203588;0;
..\..\world\lordaeron\aeriepeaks\passivedoodads\trees\aerietree02.m2;20419.11328125;121.4510269165039;16662.255859375;0;44.5618896484375;0;;0.775390625;183422;m2;203588;0;
..\..\world\lordaeron\aeriepeaks\passivedoodads\trees\aerietree01.m2;20689.884765625;133.38104248046875;16890.9765625;0;298.33331298828125;0;;1.5576171875;183462;m2;203587;0;
..\..\world\lordaeron\aeriepeaks\passivedoodads\trees\aerietree01.m2;20657.11328125;125.65914154052734;16855.970703125;0;147.33331298828125;0;;1.5576171875;183465;m2;203587;0;
..\..\world\lordaeron\aeriepeaks\passivedoodads\trees\aerietree01.m2;20507.265625;123.94876861572266;16765.24609375;0;298.33331298828125;0;;1.5576171875;183539;m2;203587;0;
..\..\world\lordaeron\aeriepeaks\passivedoodads\trees\aerietree02.m2;20759.71484375;120.86109924316406;16597.939453125;0;54.19720458984375;0;;0.7734375;183289;m2;203588;0;
..\..\world\lordaeron\aeriepeaks\passivedoodads\trees\aerietree02.m2;20668.39453125;120.34776306152344;16753.55078125;0;54.19720458984375;0;;0.7734375;183487;m2;203588;0;
..\..\world\lordaeron\aeriepeaks\passivedoodads\trees\aerietree02.m2;20684.64453125;127.88265228271484;16818.478515625;0;313.1748352050781;0;;0.771484375;183460;m2;203588;0;
..\..\world\lordaeron\aeriepeaks\passivedoodads\trees\aerietree02.m2;20488.927734375;125.28166961669922;16902.76171875;0;313.1748352050781;0;;0.771484375;183817;m2;203588;0;
..\..\world\lordaeron\aeriepeaks\passivedoodads\trees\aerietree02.m2;20434.65625;119.26541900634766;16950.517578125;0;313.1748352050781;0;;0.771484375;183874;m2;203588;0;
..\..\world\lordaeron\aeriepeaks\passivedoodads\trees\aerietree02.m2;20308.236328125;114.64151763916016;16861.5859375;0;313.1748352050781;0;;0.771484375;184044;m2;203588;0;
..\..\world\lordaeron\aeriepeaks\passivedoodads\trees\aerietree02.m2;20367.24609375;112.67021942138672;16809.208984375;0;313.1748352050781;0;;0.771484375;184048;m2;203588;0;
..\..\world\lordaeron\aeriepeaks\passivedoodads\trees\aerietree02.m2;20470.55078125;119.48844146728516;16737.400390625;0;99.1748046875;0;;0.771484375;184056;m2;203588;0;
..\..\world\lordaeron\aeriepeaks\passivedoodads\trees\aerietree03.m2;20630.806640625;127.71260833740234;16927.974609375;0;159.6348876953125;0;;0.6015625;183824;m2;203589;0;
..\..\world\lordaeron\aeriepeaks\passivedoodads\trees\aerietree03.m2;20252.943359375;119.6420669555664;16758.119140625;0;134.13485717773438;0;;0.6015625;184443;m2;203589;0;
..\..\world\lordaeron\aeriepeaks\passivedoodads\trees\aerietree03.m2;20580.5;129.10113525390625;16898.361328125;0;56.634857177734375;0;;0.6015625;183827;m2;203589;0;
..\..\world\lordaeron\aeriepeaks\passivedoodads\trees\aerietree02.m2;20366.326171875;116.4360122680664;17049.541015625;0;28.34759521484375;0;;0.7626953125;183977;m2;203588;0;
..\..\world\lordaeron\aeriepeaks\passivedoodads\trees\aerietree02.m2;20272.12109375;117.80471801757812;17047.017578125;0;293.34765625;0;;0.7626953125;184027;m2;203588;0;
..\..\world\lordaeron\aeriepeaks\passivedoodads\trees\aerietree02.m2;20507.4921875;119.34664154052734;17011.642578125;0;346.84765625;0;;0.7626953125;183916;m2;203588;0;
..\..\world\lordaeron\aeriepeaks\passivedoodads\trees\aerietree01.m2;20501.8671875;119.34674835205078;17005.0546875;0;243.001708984375;0;;1.521484375;183918;m2;203587;0;
..\..\world\lordaeron\aeriepeaks\passivedoodads\trees\aerietree01.m2;20376.31640625;117.73753356933594;16956.16796875;0;234.00169372558594;0;;1.521484375;183992;m2;203587;0;
..\..\world\lordaeron\aeriepeaks\passivedoodads\trees\aerietree01.m2;20274.068359375;117.56626892089844;17038.578125;0;189.501708984375;0;;1.521484375;184029;m2;203587;0;
..\..\world\lordaeron\aeriepeaks\passivedoodads\trees\aerietree03.m2;20732.513671875;122.83206176757812;16627.751953125;0;237.15296936035156;0;;0.59375;183317;m2;203589;0;
..\..\world\lordaeron\aeriepeaks\passivedoodads\trees\aerietree01.m2;20587.17578125;117.47551727294922;16658.373046875;0;5.407196044921875;0;;1.505859375;183357;m2;203587;0;
..\..\world\lordaeron\aeriepeaks\passivedoodads\trees\aerietree01.m2;20576.248046875;117.01821899414062;16700.30078125;0;268.4071960449219;0;;1.505859375;183361;m2;203587;0;
..\..\world\lordaeron\aeriepeaks\passivedoodads\trees\aerietree01.m2;20371.423828125;113.9832763671875;16865.568359375;0;263.4071960449219;0;;1.505859375;183853;m2;203587;0;
..\..\world\lordaeron\aeriepeaks\passivedoodads\trees\aerietree01.m2;20673.89453125;117.77677154541016;17067.900390625;0;244.9072265625;0;;1.505859375;183863;m2;203587;0;
..\..\world\lordaeron\aeriepeaks\passivedoodads\trees\aerietree03.m2;20519.892578125;153.99221801757812;16852.181640625;0;0;0;;0.58984375;183532;m2;203589;0;
..\..\world\lordaeron\aeriepeaks\passivedoodads\trees\aerietree04.m2;20783.86328125;133.1884765625;16852.83203125;0;217.383544921875;0;;0.71875;183234;m2;203590;0;
..\..\world\lordaeron\aeriepeaks\passivedoodads\trees\aerietree04.m2;20480.25390625;122.18460083007812;16628.3125;0;246.383544921875;0;;0.71875;183377;m2;203590;0;
..\..\world\lordaeron\aeriepeaks\passivedoodads\trees\aerietree04.m2;20293.22265625;117.3148193359375;16926.32421875;0;259.883544921875;0;;0.71875;184039;m2;203590;0;
..\..\world\lordaeron\aeriepeaks\passivedoodads\trees\aerietree04.m2;20797.875;151.8040008544922;17015.7421875;0;289.383544921875;0;;0.71875;183231;m2;203590;0;
..\..\world\lordaeron\aeriepeaks\passivedoodads\trees\aerietree04.m2;20521.005859375;120.83480072021484;16652;0;217.383544921875;0;;0.71875;183371;m2;203590;0;
..\..\world\lordaeron\aeriepeaks\passivedoodads\trees\aerietree04.m2;20520.166015625;117.23918914794922;16713.845703125;0;246.383544921875;0;;0.71875;183374;m2;203590;0;
..\..\world\lordaeron\aeriepeaks\passivedoodads\trees\aerietree04.m2;20361.443359375;116.73577117919922;16686.1484375;0;246.383544921875;0;;0.71875;183394;m2;203590;0;
..\..\world\lordaeron\aeriepeaks\passivedoodads\trees\aerietree02.m2;20793.189453125;137.2377471923828;16800.626953125;0;23.0035400390625;0;;0.7412109375;183242;m2;203588;0;
..\..\world\lordaeron\aeriepeaks\passivedoodads\trees\aerietree02.m2;20769.513671875;136.18309020996094;16978.49609375;0;357.0035400390625;0;;0.7412109375;183248;m2;203588;0;
..\..\world\lordaeron\aeriepeaks\passivedoodads\trees\aerietree02.m2;20416.673828125;112.5808334350586;16864.841796875;0;51.0035400390625;0;;0.7412109375;183801;m2;203588;0;
..\..\world\lordaeron\aeriepeaks\passivedoodads\trees\aerietree01.m2;20764.01953125;133.94239807128906;16973.60546875;0;159.8778076171875;0;;1.4912109375;183249;m2;203587;0;
..\..\world\lordaeron\aeriepeaks\passivedoodads\trees\aerietree01.m2;20409.48828125;113.41047668457031;16866.412109375;0;213.87777709960938;0;;1.4912109375;183799;m2;203587;0;
..\..\world\lordaeron\aeriepeaks\passivedoodads\trees\aerietree01.m2;20287.421875;114.98806762695312;16776.853515625;0;64.5;0;;1.4892578125;184251;m2;203587;0;
..\..\world\lordaeron\aeriepeaks\passivedoodads\trees\aerietree02.m2;20481.982421875;126.50244140625;16851.62109375;0;59.4049072265625;0;;0.7392578125;183783;m2;203588;0;
..\..\world\lordaeron\aeriepeaks\passivedoodads\trees\aerietree01.m2;20519.12109375;149.42979431152344;16794.48046875;0;0;0;;1.4794921875;183514;m2;203587;0;
..\..\world\lordaeron\aeriepeaks\passivedoodads\trees\aerietree02.m2;20440.619140625;119.75991821289062;16594.513671875;0;180.6207275390625;0;;0.732421875;183411;m2;203588;0;
..\..\world\lordaeron\aeriepeaks\passivedoodads\trees\aerietree02.m2;20665.14453125;124.3172607421875;17010.427734375;0;347;0;;0.7294921875;183472;m2;203588;0;
..\..\world\lordaeron\aeriepeaks\passivedoodads\trees\aerietree02.m2;20591.986328125;127.09549713134766;16747.146484375;0;316.8735046386719;0;;0.7255859375;183499;m2;203588;0;
..\..\world\lordaeron\aeriepeaks\passivedoodads\trees\aerietree02.m2;20259.150390625;117.72418975830078;16867.1015625;0;316.8735046386719;0;;0.7255859375;184355;m2;203588;0;
..\..\world\lordaeron\aeriepeaks\passivedoodads\trees\aerietree02.m2;20719.107421875;118.76853942871094;16575.720703125;0;276.87347412109375;0;;0.7255859375;183315;m2;203588;0;
..\..\world\lordaeron\aeriepeaks\passivedoodads\trees\aerietree02.m2;20543.841796875;120.3297119140625;16679.0078125;0;276.87347412109375;0;;0.7255859375;183367;m2;203588;0;
..\..\world\lordaeron\aeriepeaks\passivedoodads\trees\aerietree02.m2;20800.84375;130.45726013183594;16950.912109375;0;208.87350463867188;0;;0.7255859375;183224;m2;203588;0;
..\..\world\lordaeron\aeriepeaks\passivedoodads\trees\aerietree02.m2;20752.267578125;146.86293029785156;17042.001953125;0;124.37349700927734;0;;0.7255859375;183228;m2;203588;0;
..\..\world\lordaeron\aeriepeaks\passivedoodads\trees\aerietree02.m2;20600.072265625;132.76304626464844;16836.224609375;0;316.8735046386719;0;;0.7255859375;183503;m2;203588;0;
..\..\world\azeroth\stranglethorn\passivedoodads\ruins\stranglethornruins17.m2;20362.61328125;112.53450775146484;16716.86328125;0;84;0;;1;234457;m2;190287;0;
..\..\world\lordaeron\aeriepeaks\passivedoodads\trees\aerietree02.m2;20748.294921875;128.4361114501953;16678.08984375;0;79.61892700195312;0;;0.720703125;183309;m2;203588;0;
..\..\world\lordaeron\aeriepeaks\passivedoodads\trees\aerietree02.m2;20603.779296875;124.23037719726562;16744.587890625;0;119.61892700195312;0;;0.720703125;183502;m2;203588;0;
..\..\world\lordaeron\aeriepeaks\passivedoodads\trees\aerietree02.m2;20270.94140625;116.45265197753906;16864.54296875;0;119.61892700195312;0;;0.720703125;184353;m2;203588;0;
..\..\world\lordaeron\aeriepeaks\passivedoodads\trees\aerietree02.m2;20809.474609375;145.4556427001953;16660.734375;0;137.61895751953125;0;;0.720703125;183217;m2;203588;0;
..\..\world\lordaeron\aeriepeaks\passivedoodads\trees\aerietree02.m2;20799.6328125;133.6251983642578;16962.91796875;0;11.618958473205566;0;;0.720703125;183225;m2;203588;0;
..\..\world\lordaeron\aeriepeaks\passivedoodads\trees\aerietree02.m2;20704.99609375;122.89066314697266;16729.91015625;0;23.11895751953125;0;;0.720703125;183305;m2;203588;0;
..\..\world\lordaeron\aeriepeaks\passivedoodads\trees\aerietree02.m2;20701.52734375;127.46109771728516;16985.431640625;0;303.11895751953125;0;;0.720703125;183450;m2;203588;0;
..\..\world\lordaeron\aeriepeaks\passivedoodads\trees\aerietree02.m2;20297.47265625;116.2417984008789;16777.626953125;0;85.5;0;;0.7197265625;184252;m2;203588;0;
..\..\world\lordaeron\aeriepeaks\passivedoodads\trees\aerietree02.m2;20528.109375;151.639404296875;16787.80859375;0;0;0;;0.7197265625;183518;m2;203588;0;
..\..\world\azeroth\stranglethorn\passivedoodads\ruins\stranglethornruins17.m2;20403.55859375;122.92637634277344;16563.45703125;0;270;0;;1;177956;m2;190287;0;
..\..\world\lordaeron\aeriepeaks\passivedoodads\trees\aerietree02.m2;20787.169921875;130.83282470703125;16624.751953125;0;27.313720703125;0;;0.716796875;183259;m2;203588;0;
..\..\world\lordaeron\aeriepeaks\passivedoodads\trees\aerietree02.m2;20704.470703125;125.59098052978516;16675.10546875;0;90.813720703125;0;;0.716796875;183320;m2;203588;0;
..\..\world\lordaeron\aeriepeaks\passivedoodads\trees\aerietree02.m2;20252.26953125;118.28304290771484;16803.966796875;0;199.813720703125;0;;0.716796875;184264;m2;203588;0;
..\..\world\lordaeron\aeriepeaks\passivedoodads\trees\aerietree02.m2;20779.09765625;128.98158264160156;16932.94140625;0;152.313720703125;0;;0.716796875;183253;m2;203588;0;
..\..\world\lordaeron\aeriepeaks\passivedoodads\trees\aerietree02.m2;20771.326171875;131.37852478027344;16884.861328125;0;151.813720703125;0;;0.716796875;183256;m2;203588;0;
..\..\world\lordaeron\aeriepeaks\passivedoodads\trees\aerietree02.m2;20323.94140625;111.61686706542969;16840.005859375;0;2.313720703125;0;;0.716796875;184240;m2;203588;0;
..\..\world\lordaeron\aeriepeaks\passivedoodads\trees\aerietree02.m2;20308.759765625;113.19587707519531;16752.392578125;0;199.813720703125;0;;0.716796875;184256;m2;203588;0;
..\..\world\lordaeron\aeriepeaks\passivedoodads\trees\aerietree02.m2;20657.658203125;121.61875915527344;16786.345703125;0;193.313720703125;0;;0.716796875;235646;m2;203588;0;
..\..\world\lordaeron\aeriepeaks\passivedoodads\trees\aerietree03.m2;20638.64453125;120.68789672851562;16627.353515625;0;315.0103759765625;0;;0.5634765625;183346;m2;203589;0;
..\..\world\lordaeron\aeriepeaks\passivedoodads\trees\aerietree03.m2;20597.86328125;115.35307312011719;16616.560546875;0;283.0103759765625;0;;0.5634765625;183354;m2;203589;0;
..\..\world\lordaeron\aeriepeaks\passivedoodads\trees\aerietree03.m2;20444.123046875;117.75772094726562;17071.34375;0;330.0103759765625;0;;0.5634765625;183893;m2;203589;0;
..\..\world\lordaeron\aeriepeaks\passivedoodads\trees\aerietree03.m2;20569.8046875;121.21192932128906;17015.96484375;0;314.5103759765625;0;;0.5634765625;183919;m2;203589;0;
..\..\world\lordaeron\aeriepeaks\passivedoodads\trees\aerietree03.m2;20308.91015625;117.51902770996094;17012.607421875;0;321.0103759765625;0;;0.5634765625;183967;m2;203589;0;
..\..\world\lordaeron\aeriepeaks\passivedoodads\trees\aerietree03.m2;20360.193359375;118.99107360839844;17037.138671875;0;321.0103759765625;0;;0.5634765625;183976;m2;203589;0;
..\..\world\lordaeron\aeriepeaks\passivedoodads\trees\aerietree03.m2;20389.2109375;116.74903869628906;16955.744140625;0;277.0103759765625;0;;0.5634765625;183993;m2;203589;0;
..\..\world\lordaeron\aeriepeaks\passivedoodads\trees\aerietree03.m2;20283.564453125;117.67369079589844;17047.3125;0;232.5103759765625;0;;0.5634765625;184030;m2;203589;0;
..\..\world\azeroth\stranglethorn\passivedoodads\ruins\stranglethornruins17.m2;20414.61328125;114.75846099853516;16713.64453125;0;106.5;0;;1;234475;m2;190287;0;
..\..\world\lordaeron\aeriepeaks\passivedoodads\trees\aerietree02.m2;20741.134765625;121.5284423828125;16627.892578125;0;200.71017456054688;0;;0.7080078125;183318;m2;203588;0;
..\..\world\lordaeron\aeriepeaks\passivedoodads\trees\aerietree02.m2;20374.537109375;123.908447265625;16624.921875;0;117.80999755859375;0;;0.7021484375;183404;m2;203588;0;
..\..\world\azeroth\stranglethorn\passivedoodads\ruins\stranglethornruins17.m2;20365.037109375;122.58342742919922;16631.88671875;0;22.5;0;;1;177958;m2;190287;0;
..\..\world\lordaeron\aeriepeaks\passivedoodads\trees\aerietree03.m2;20802.53515625;138.89517211914062;16662.884765625;0;68.67764282226562;0;;0.548828125;183215;m2;203589;0;
..\..\world\lordaeron\aeriepeaks\passivedoodads\trees\aerietree03.m2;20747.271484375;143.34243774414062;17043.6171875;0;218.17764282226562;0;;0.548828125;183227;m2;203589;0;
..\..\world\lordaeron\aeriepeaks\passivedoodads\trees\aerietree03.m2;20604.59765625;131.20928955078125;16833.56640625;0;50.6776123046875;0;;0.548828125;183505;m2;203589;0;
..\..\world\lordaeron\aeriepeaks\passivedoodads\trees\aerietree03.m2;20705.916015625;121.47821807861328;16722.703125;0;314.1776428222656;0;;0.548828125;183304;m2;203589;0;
..\..\world\lordaeron\aeriepeaks\passivedoodads\trees\aerietree03.m2;20742.79296875;127.2574234008789;16673.345703125;0;10.6776123046875;0;;0.548828125;183308;m2;203589;0;
..\..\world\lordaeron\aeriepeaks\passivedoodads\trees\aerietree03.m2;20549.017578125;119.52217864990234;16679.880859375;0;10.6776123046875;0;;0.548828125;183370;m2;203589;0;
..\..\world\lordaeron\aeriepeaks\passivedoodads\trees\aerietree03.m2;20596.513671875;123.77664947509766;16744.48828125;0;50.6776123046875;0;;0.548828125;183501;m2;203589;0;
..\..\world\lordaeron\aeriepeaks\passivedoodads\trees\aerietree03.m2;20263.67578125;116.1845474243164;16864.443359375;0;50.6776123046875;0;;0.548828125;184354;m2;203589;0;
..\..\world\lordaeron\aeriepeaks\passivedoodads\trees\aerietree03.m2;20260.779296875;117.93621063232422;16889.5390625;0;118.67764282226562;0;;0.548828125;184358;m2;203589;0;
..\..\world\lordaeron\aeriepeaks\passivedoodads\trees\aerietree03.m2;20801.97265625;130.0910186767578;16956.037109375;0;302.6776428222656;0;;0.548828125;183223;m2;203589;0;
..\..\world\lordaeron\aeriepeaks\passivedoodads\trees\aerietree03.m2;20724.28515625;116.39732360839844;16576.595703125;0;10.6776123046875;0;;0.548828125;183312;m2;203589;0;
..\..\world\lordaeron\aeriepeaks\passivedoodads\trees\aerietree03.m2;20708.78515625;128.6168975830078;16985.0859375;0;234.17770385742188;0;;0.548828125;183452;m2;203589;0;
..\..\world\lordaeron\aeriepeaks\passivedoodads\trees\aerietree02.m2;20565.4921875;153.62020874023438;16858;0;0;0;;0.689453125;183528;m2;203588;0;
..\..\world\lordaeron\aeriepeaks\passivedoodads\trees\aerietree02.m2;20373.732421875;137.9778594970703;16546.220703125;0;205.99993896484375;0;;0.6748046875;183400;m2;203588;0;
..\..\world\azeroth\stranglethorn\passivedoodads\ruins\stranglethornruins17.m2;20396.0703125;120.85001373291016;16666.314453125;0;62;0;;1;177959;m2;190287;0;
..\..\world\lordaeron\aeriepeaks\passivedoodads\trees\aerietree02.m2;20390.828125;119.87751007080078;16676.78515625;0;58.959991455078125;0;;0.673828125;183387;m2;203588;0;
..\..\world\lordaeron\aeriepeaks\passivedoodads\trees\aerietree02.m2;20467.45703125;107.53233337402344;16588.50390625;0;102.96002197265625;0;;0.673828125;183381;m2;203588;0;
..\..\world\lordaeron\aeriepeaks\passivedoodads\trees\aerietree02.m2;20346.94140625;129.20864868164062;16656.736328125;0;58.959991455078125;0;;0.673828125;183390;m2;203588;0;
..\..\world\lordaeron\aeriepeaks\passivedoodads\trees\aerietree02.m2;20755.380859375;131.17776489257812;16919.484375;0;117.96002197265625;0;;0.673828125;183428;m2;203588;0;
..\..\world\lordaeron\aeriepeaks\passivedoodads\trees\aerietree02.m2;20748.484375;128.57383728027344;16821.501953125;0;66.46002197265625;0;;0.673828125;183431;m2;203588;0;
..\..\world\lordaeron\aeriepeaks\passivedoodads\trees\aerietree02.m2;20699.26171875;123.41307067871094;17039.822265625;0;40.96002197265625;0;;0.673828125;183434;m2;203588;0;
..\..\world\lordaeron\aeriepeaks\passivedoodads\trees\aerietree02.m2;20469.162109375;117.98081970214844;16981.001953125;0;149.96002197265625;0;;0.673828125;183921;m2;203588;0;
..\..\world\lordaeron\aeriepeaks\passivedoodads\trees\aerietree02.m2;20392.5546875;119.5791015625;17001.6953125;0;192.46002197265625;0;;0.673828125;183972;m2;203588;0;
..\..\world\lordaeron\aeriepeaks\passivedoodads\trees\aerietree02.m2;20328.666015625;122.55857849121094;16707.998046875;0;39.96002197265625;0;;0.673828125;184275;m2;203588;0;
..\..\world\lordaeron\aeriepeaks\passivedoodads\trees\aerietree02.m2;20441.607421875;120.42698669433594;16681.705078125;0;58.959991455078125;0;;0.673828125;234498;m2;203588;0;
..\..\world\lordaeron\aeriepeaks\passivedoodads\trees\aerietree02.m2;20670.4921875;119.66692352294922;16659.458984375;0;154.46002197265625;0;;0.673828125;183328;m2;203588;0;
..\..\world\lordaeron\aeriepeaks\passivedoodads\trees\aerietree02.m2;20668.318359375;119.32540130615234;16708.810546875;0;102.96002197265625;0;;0.673828125;183331;m2;203588;0;
..\..\world\lordaeron\aeriepeaks\passivedoodads\trees\aerietree02.m2;20637.20703125;117.25933074951172;17058.08984375;0;161.46002197265625;0;;0.673828125;183888;m2;203588;0;
..\..\world\lordaeron\aeriepeaks\passivedoodads\trees\aerietree02.m2;20525.029296875;118.51952362060547;17047.482421875;0;201.4600067138672;0;;0.673828125;183898;m2;203588;0;
..\..\world\lordaeron\aeriepeaks\passivedoodads\trees\aerietree02.m2;20347.775390625;115.80803680419922;16927.296875;0;140.96002197265625;0;;0.673828125;183995;m2;203588;0;
..\..\world\azeroth\stranglethorn\passivedoodads\ruins\stranglethornruins17.m2;20373.80078125;122.85233306884766;16588.658203125;0;331;0;;1;177957;m2;190287;0;
..\..\world\lordaeron\aeriepeaks\passivedoodads\trees\aerietree04.m2;20442.591796875;116.334228515625;16803.98828125;0;98.55035400390625;0;;0.6494140625;183785;m2;203590;0;
..\..\world\lordaeron\aeriepeaks\passivedoodads\trees\aerietree01.m2;20362.0546875;137.53030395507812;16555.640625;0;229.6981658935547;0;;1.3408203125;183401;m2;203587;0;
..\..\world\lordaeron\aeriepeaks\passivedoodads\trees\aerietree01.m2;20491.126953125;107.85880279541016;16947.638671875;0;322;0;;1.33984375;362821;m2;203587;0;
..\..\world\lordaeron\aeriepeaks\passivedoodads\trees\aerietree01.m2;20398.359375;122.79580688476562;16578.310546875;0;4.1309814453125;0;;1.3251953125;183402;m2;203587;0;
..\..\world\lordaeron\aeriepeaks\passivedoodads\trees\aerietree03.m2;20406.830078125;124.31929779052734;16553.099609375;0;45.61663818359375;0;;0.51953125;183395;m2;203589;0;
..\..\world\azeroth\stranglethorn\passivedoodads\ruins\stranglethornruins13.m2;20391.984375;116.48983001708984;16715.0625;-17.000001907348633;81;-79.50000762939453;;1;234460;m2;190283;0;
..\..\world\lordaeron\aeriepeaks\passivedoodads\trees\aerietree02.m2;20348.9609375;115.43997955322266;16893.658203125;0;161.2542724609375;0;;0.650390625;183800;m2;203588;0;
..\..\world\lordaeron\aeriepeaks\passivedoodads\trees\aerietree02.m2;20785.1796875;135.94725036621094;16807.58984375;0;146.7542724609375;0;;0.650390625;183244;m2;203588;0;
..\..\world\lordaeron\aeriepeaks\passivedoodads\trees\aerietree02.m2;20759.265625;137.95265197753906;16981.2421875;0;120.7542724609375;0;;0.650390625;183250;m2;203588;0;
..\..\world\lordaeron\aeriepeaks\passivedoodads\trees\aerietree02.m2;20479.201171875;119.28117370605469;16741.18359375;0;300.03302001953125;0;;0.650390625;184055;m2;203588;0;
..\..\world\lordaeron\aeriepeaks\passivedoodads\trees\aerietree02.m2;20675.361328125;129.4446258544922;16820.1796875;0;154.03302001953125;0;;0.650390625;183461;m2;203588;0;
..\..\world\lordaeron\aeriepeaks\passivedoodads\trees\aerietree02.m2;20400.47265625;113.3160629272461;16829.08203125;0;154.03302001953125;0;;0.650390625;183795;m2;203588;0;
..\..\world\lordaeron\aeriepeaks\passivedoodads\trees\aerietree02.m2;20579.904296875;119.98796844482422;17031.119140625;0;154.03302001953125;0;;0.650390625;183881;m2;203588;0;
..\..\world\lordaeron\aeriepeaks\passivedoodads\trees\aerietree02.m2;20298.94921875;114.02837371826172;16863.287109375;0;154.03302001953125;0;;0.650390625;184043;m2;203588;0;
..\..\world\lordaeron\aeriepeaks\passivedoodads\trees\aerietree02.m2;20357.9609375;111.61873626708984;16810.91015625;0;154.03302001953125;0;;0.650390625;184047;m2;203588;0;
..\..\world\lordaeron\aeriepeaks\passivedoodads\trees\aerietree02.m2;20440.51171875;115.53914642333984;16758.712890625;0;154.03302001953125;0;;0.650390625;184051;m2;203588;0;
..\..\world\lordaeron\aeriepeaks\passivedoodads\trees\aerietree02.m2;20425.37109375;119.61148071289062;16952.21875;0;154.03302001953125;0;;0.650390625;183877;m2;203588;0;
..\..\world\lordaeron\aeriepeaks\passivedoodads\trees\aerietree02.m2;20679.396484375;117.345703125;17064.314453125;0;125.657958984375;0;;0.64453125;183865;m2;203588;0;
..\..\world\lordaeron\aeriepeaks\passivedoodads\trees\aerietree02.m2;20626.4609375;122.2414321899414;16942.67578125;0;148.157958984375;0;;0.64453125;183861;m2;203588;0;
..\..\world\lordaeron\aeriepeaks\passivedoodads\trees\aerietree02.m2;20581.291015625;117.43299865722656;16655.455078125;0;246.15797424316406;0;;0.64453125;183355;m2;203588;0;
..\..\world\lordaeron\aeriepeaks\passivedoodads\trees\aerietree02.m2;20569.91015625;117.12625885009766;16702.720703125;0;295.23663330078125;0;;0.6435546875;183360;m2;203588;0;
..\..\world\lordaeron\aeriepeaks\passivedoodads\trees\aerietree02.m2;20667.1171875;117.54654693603516;17067.59375;0;271.73663330078125;0;;0.6435546875;183864;m2;203588;0;
..\..\world\lordaeron\aeriepeaks\passivedoodads\trees\aerietree02.m2;20607.71875;120.85511779785156;16986.376953125;0;295.23663330078125;0;;0.6435546875;183860;m2;203588;0;
..\..\world\lordaeron\aeriepeaks\passivedoodads\trees\aerietree01.m2;20355.58203125;133.01039123535156;16583.392578125;0;59.4158935546875;0;;1.2880859375;183398;m2;203587;0;
..\..\world\lordaeron\aeriepeaks\passivedoodads\trees\aerietree04.m2;20578.08203125;156.50845336914062;16813.76953125;0;0;0;;0.619140625;183510;m2;203590;0;
..\..\world\lordaeron\aeriepeaks\passivedoodads\trees\aerietree02.m2;20675.96484375;130.6669921875;16829.53125;0;93.37567138671875;0;;0.638671875;183459;m2;203588;0;
..\..\world\lordaeron\aeriepeaks\passivedoodads\trees\aerietree02.m2;20425.97265625;121.24903869628906;16961.568359375;0;93.37567138671875;0;;0.638671875;183876;m2;203588;0;
..\..\world\lordaeron\aeriepeaks\passivedoodads\trees\aerietree02.m2;20441.115234375;116.18190002441406;16768.064453125;0;93.37567138671875;0;;0.638671875;184054;m2;203588;0;
..\..\world\lordaeron\aeriepeaks\passivedoodads\trees\aerietree02.m2;20466.513671875;119.4830093383789;16947.65625;0;93.37567138671875;0;;0.638671875;183819;m2;203588;0;
..\..\world\lordaeron\aeriepeaks\passivedoodads\trees\aerietree02.m2;20580.5078125;119.08792877197266;17040.470703125;0;93.37567138671875;0;;0.638671875;183880;m2;203588;0;
..\..\world\lordaeron\aeriepeaks\passivedoodads\trees\aerietree02.m2;20299.552734375;114.46996307373047;16872.638671875;0;93.37567138671875;0;;0.638671875;184046;m2;203588;0;
..\..\world\lordaeron\aeriepeaks\passivedoodads\trees\aerietree02.m2;20483.9296875;118.39800262451172;16733.09375;0;239.37564086914062;0;;0.638671875;184058;m2;203588;0;
..\..\models\unknown\unk_exp00_7545266\7545266.m2;20675.0546875;100.18551635742188;16512.4921875;0;79.00003051757812;0;;2.412109375;70060992;m2;7545266;0;
..\..\world\lordaeron\aeriepeaks\passivedoodads\trees\aerietree02.m2;20301.892578125;169.8505401611328;16620.603515625;0;341.320068359375;0;;0.6337890625;397811;m2;203588;0;
..\..\world\lordaeron\aeriepeaks\passivedoodads\trees\aerietree02.m2;20256.787109375;133.73562622070312;16702.361328125;0;341.320068359375;0;;0.6337890625;397812;m2;203588;0;
..\..\world\lordaeron\aeriepeaks\passivedoodads\trees\aerietree02.m2;20261.6875;174.33287048339844;16627.296875;0;341.320068359375;0;;0.6337890625;397869;m2;203588;0;
..\..\world\lordaeron\aeriepeaks\passivedoodads\trees\aerietree02.m2;20792.345703125;119.46431732177734;16606.734375;0;245.28823852539062;0;;0.6298828125;183267;m2;203588;0;
..\..\world\lordaeron\aeriepeaks\passivedoodads\trees\aerietree02.m2;20536.67578125;109.19499969482422;16993.251953125;0;341.5;0;;0.6298828125;362786;m2;203588;0;
..\..\world\lordaeron\aeriepeaks\passivedoodads\trees\aerietree02.m2;20593.546875;117.84854125976562;16990.62109375;0;138.80853271484375;0;;0.623046875;183858;m2;203588;0;
..\..\world\lordaeron\aeriepeaks\passivedoodads\trees\aerietree02.m2;20592.541015625;117.5934829711914;16652.763671875;0;235.80850219726562;0;;0.623046875;183358;m2;203588;0;
..\..\world\lordaeron\aeriepeaks\passivedoodads\trees\aerietree02.m2;20676.005859375;119.61710357666016;17075.37109375;0;115.30850219726562;0;;0.623046875;183862;m2;203588;0;
..\..\world\lordaeron\aeriepeaks\passivedoodads\trees\aerietree02.m2;20581.16015625;118.01014709472656;16706.310546875;0;138.80853271484375;0;;0.623046875;183362;m2;203588;0;
..\..\world\lordaeron\aeriepeaks\passivedoodads\trees\aerietree02.m2;20375.794921875;114.33891296386719;16871.982421875;0;133.80853271484375;0;;0.623046875;183852;m2;203588;0;
..\..\world\lordaeron\aeriepeaks\passivedoodads\trees\aerietree02.m2;20564.64453125;106.00308990478516;16932.392578125;0;312;0;;0.619140625;362824;m2;203588;0;
..\..\world\azeroth\stranglethorn\passivedoodads\ruins\stranglethornruins17.m2;20451.6171875;116.71080017089844;16594.240234375;0;218.5;0;;1;177955;m2;190287;0;
..\..\world\lordaeron\aeriepeaks\passivedoodads\trees\aerietree01.m2;20304.7421875;137.01031494140625;16691.037109375;0;144.72659301757812;0;;1.2353515625;397867;m2;203587;0;
..\..\world\lordaeron\aeriepeaks\passivedoodads\trees\aerietree01.m2;20700.20703125;124.51860809326172;16667.126953125;0;35.726593017578125;0;;1.2353515625;183323;m2;203587;0;
..\..\world\lordaeron\aeriepeaks\passivedoodads\trees\aerietree01.m2;20550.90234375;119.42130279541016;17030.978515625;0;82.72659301757812;0;;1.2353515625;183910;m2;203587;0;
..\..\world\lordaeron\aeriepeaks\passivedoodads\trees\aerietree01.m2;20271.23828125;192.3775177001953;16589.291015625;0;144.72659301757812;0;;1.2353515625;397861;m2;203587;0;
..\..\world\lordaeron\aeriepeaks\passivedoodads\trees\aerietree01.m2;20279.326171875;162.5652313232422;16654.908203125;0;144.72659301757812;0;;1.2353515625;397868;m2;203587;0;
..\..\world\lordaeron\aeriepeaks\passivedoodads\trees\aerietree01.m2;20331.8046875;112.26072692871094;16835.53515625;0;307.2265930175781;0;;1.2353515625;184241;m2;203587;0;
..\..\world\lordaeron\aeriepeaks\passivedoodads\trees\aerietree01.m2;20302.603515625;113.43614196777344;16759.01953125;0;144.72659301757812;0;;1.2353515625;184255;m2;203587;0;
..\..\world\lordaeron\aeriepeaks\passivedoodads\trees\aerietree03.m2;20564.021484375;133.87179565429688;16877.626953125;0;274.7545166015625;0;;0.4794921875;183812;m2;203589;0;
..\..\world\lordaeron\aeriepeaks\passivedoodads\trees\aerietree01.m2;20434.916015625;120.32640075683594;16617.822265625;0;309.71405029296875;0;;1.22265625;183423;m2;203587;0;
..\..\world\azeroth\stranglethorn\passivedoodads\ruins\stranglethornruins13.m2;20424.546875;123.4178237915039;16675.689453125;0;59.5;0;;1;177960;m2;190283;0;
..\..\world\lordaeron\aeriepeaks\passivedoodads\trees\aerietree03.m2;20458.681640625;116.73844146728516;16710.814453125;0;90.37628173828125;0;;0.470703125;182264;m2;203589;0;
..\..\world\lordaeron\aeriepeaks\passivedoodads\trees\aerietree02.m2;20807.8671875;145.1574249267578;16669.720703125;0;321.84332275390625;0;;0.591796875;183218;m2;203588;0;
..\..\world\lordaeron\aeriepeaks\passivedoodads\trees\aerietree02.m2;20799.890625;136.62245178222656;16759.087890625;0;195.84332275390625;0;;0.591796875;183222;m2;203588;0;
..\..\world\lordaeron\aeriepeaks\passivedoodads\trees\aerietree02.m2;20793.306640625;133.67051696777344;16956.33203125;0;195.84332275390625;0;;0.591796875;183226;m2;203588;0;
..\..\world\lordaeron\aeriepeaks\passivedoodads\trees\aerietree02.m2;20746.1484375;140.01168823242188;17035.01953125;0;111.34332275390625;0;;0.591796875;183230;m2;203588;0;
..\..\world\lordaeron\aeriepeaks\passivedoodads\trees\aerietree02.m2;20697.484375;123.1358871459961;16724.71875;0;207.34332275390625;0;;0.591796875;183306;m2;203588;0;
..\..\world\lordaeron\aeriepeaks\passivedoodads\trees\aerietree02.m2;20739.818359375;129.24913024902344;16681.48828125;0;263.84332275390625;0;;0.591796875;183310;m2;203588;0;
..\..\world\lordaeron\aeriepeaks\passivedoodads\trees\aerietree02.m2;20599.470703125;127.7142105102539;16752.640625;0;303.84332275390625;0;;0.591796875;183500;m2;203588;0;
..\..\world\lordaeron\aeriepeaks\passivedoodads\trees\aerietree02.m2;20607.5546875;131.4201202392578;16841.71875;0;303.84332275390625;0;;0.591796875;183504;m2;203588;0;
..\..\world\lordaeron\aeriepeaks\passivedoodads\trees\aerietree02.m2;20266.6328125;118.08345794677734;16872.595703125;0;303.84332275390625;0;;0.591796875;184356;m2;203588;0;
..\..\world\lordaeron\aeriepeaks\passivedoodads\trees\aerietree02.m2;20259.421875;118.91690826416016;16918.025390625;0;11.84332275390625;0;;0.591796875;184360;m2;203588;0;
..\..\world\lordaeron\aeriepeaks\passivedoodads\trees\aerietree02.m2;20546.044921875;120.53395080566406;16688.025390625;0;263.84332275390625;0;;0.591796875;183368;m2;203588;0;
..\..\world\lordaeron\aeriepeaks\passivedoodads\trees\aerietree02.m2;20705.3359375;129.01217651367188;16977.130859375;0;127.34332275390625;0;;0.591796875;183451;m2;203588;0;
..\..\world\lordaeron\aeriepeaks\passivedoodads\trees\aerietree03.m2;20754.2421875;123.85218811035156;16601.74609375;0;342.652099609375;0;;0.46484375;183286;m2;203589;0;
..\..\world\lordaeron\aeriepeaks\passivedoodads\trees\aerietree03.m2;20662.923828125;120.44412231445312;16757.357421875;0;342.652099609375;0;;0.46484375;183488;m2;203589;0;
..\..\world\lordaeron\aeriepeaks\passivedoodads\trees\aerietree01.m2;20473.21875;119.6324234008789;16688.611328125;0;121.25980377197266;0;;1.1728515625;182261;m2;203587;0;
..\..\world\lordaeron\aeriepeaks\passivedoodads\trees\aerietree03.m2;20399.810546875;120.93569946289062;16655.501953125;0;86.15740966796875;0;;0.4580078125;183408;m2;203589;0;
..\..\world\lordaeron\aeriepeaks\passivedoodads\trees\aerietree02.m2;20611.86328125;130.6890869140625;16833.666015625;0;119.61892700195312;0;;0.5810546875;183506;m2;203588;0;
..\..\world\lordaeron\aeriepeaks\passivedoodads\trees\aerietree02.m2;20289.400390625;117.66974639892578;16930.08984375;0;124.92333984375;0;;0.5810546875;184038;m2;203588;0;
..\..\world\lordaeron\aeriepeaks\passivedoodads\trees\aerietree02.m2;20796.40625;152.1409149169922;17020.900390625;0;154.42333984375;0;;0.5810546875;183233;m2;203588;0;
..\..\world\lordaeron\aeriepeaks\passivedoodads\trees\aerietree02.m2;20778.501953125;133.2232208251953;16853.029296875;0;82.42333984375;0;;0.5810546875;183236;m2;203588;0;
..\..\world\lordaeron\aeriepeaks\passivedoodads\trees\aerietree02.m2;20515.64453125;120.75048828125;16652.1953125;0;82.42333984375;0;;0.5810546875;183372;m2;203588;0;
..\..\world\lordaeron\aeriepeaks\passivedoodads\trees\aerietree02.m2;20515.5703125;117.69880676269531;16716.6171875;0;111.42333984375;0;;0.5810546875;183375;m2;203588;0;
..\..\world\lordaeron\aeriepeaks\passivedoodads\trees\aerietree02.m2;20356.849609375;117.57359313964844;16688.919921875;0;111.42333984375;0;;0.5810546875;183393;m2;203588;0;
..\..\world\lordaeron\aeriepeaks\passivedoodads\trees\aerietree02.m2;20556.279296875;154.9806671142578;16855.04296875;0;0;0;;0.5791015625;183529;m2;203588;0;
..\..\world\lordaeron\aeriepeaks\passivedoodads\trees\aerietree04.m2;20560.12890625;153.66622924804688;16858.87890625;0;260;0;;0.5595703125;183527;m2;203590;0;
..\..\world\azeroth\stranglethorn\passivedoodads\ruins\stranglethornruins13.m2;20462.86328125;118.7352066040039;16617.861328125;0;37.5;0;;1;177961;m2;190283;0;
..\..\world\lordaeron\aeriepeaks\passivedoodads\trees\aerietree01.m2;20664.53515625;127.54268646240234;16964.240234375;0;96.5;0;;1.119140625;183479;m2;203587;0;
..\..\world\azeroth\redridge\passivedoodads\trees\redridgefallentree03.m2;20500.3125;106.37589263916016;16974.71484375;0;224.73333740234375;0;;1.51953125;183841;m2;190118;0;
..\..\world\lordaeron\aeriepeaks\passivedoodads\trees\aerietree02.m2;20787.458984375;117.80448150634766;16606.0234375;0;304.7920227050781;0;;0.55078125;183269;m2;203588;0;
..\..\world\azeroth\redridge\passivedoodads\trees\redridgefallentree03.m2;20469.125;116.8250732421875;16698.220703125;2.000000476837158;305;15.500000953674316;;1.2998046875;180660;m2;190118;0;
..\..\world\lordaeron\aeriepeaks\passivedoodads\trees\aerietree02.m2;20376.654296875;123.14215850830078;16595.751953125;0;66.43301391601562;0;;0.5263671875;183403;m2;203588;0;
..\..\world\lordaeron\aeriepeaks\passivedoodads\trees\aerietree01.m2;20412.201171875;125.56761169433594;16545.392578125;0;290.61431884765625;0;;1.03515625;183396;m2;203587;0;
..\..\world\lordaeron\aeriepeaks\passivedoodads\trees\aerietree02.m2;20732.6640625;123.28111267089844;16619.23046875;0;305.446044921875;0;;0.5048828125;183319;m2;203588;0;
..\..\world\lordaeron\aeriepeaks\passivedoodads\trees\aerietree02.m2;20465.50390625;116.77808380126953;16707.072265625;0;50.17608642578125;0;;0.4990234375;182263;m2;203588;0;
..\..\world\lordaeron\aeriepeaks\passivedoodads\trees\aerietree01.m2;20566.888671875;161.2157745361328;16815.220703125;0;0;0;;1;183513;m2;203587;0;
..\..\world\lordaeron\aeriepeaks\passivedoodads\trees\aerietree01.m2;20559.048828125;159.01182556152344;16841.759765625;0;0;0;;1;183524;m2;203587;0;
..\..\world\lordaeron\aeriepeaks\passivedoodads\trees\aerietree01.m2;20498.4921875;108.7229232788086;16912.8046875;0;2.5;0;;1;362790;m2;203587;0;
..\..\world\lordaeron\aeriepeaks\passivedoodads\trees\aerietree01.m2;20540.80078125;106.14794921875;16900.373046875;0;0;0;;1;362791;m2;203587;0;
..\..\world\lordaeron\aeriepeaks\passivedoodads\trees\aerietree01.m2;20568.4609375;108.3724365234375;16978.033203125;0;0;0;;1;362820;m2;203587;0;
..\..\world\lordaeron\aeriepeaks\passivedoodads\trees\aerietree01.m2;20537.548828125;157.00723266601562;16834.79296875;0;0;0;;0.9794921875;183523;m2;203587;0;
..\..\world\lordaeron\aeriepeaks\passivedoodads\trees\aerietree02.m2;20476.16015625;120.95377349853516;16686.0625;0;272.095703125;0;;0.4765625;182262;m2;203588;0;
..\..\world\lordaeron\aeriepeaks\passivedoodads\trees\aerietree04.m2;20532.130859375;156.4302520751953;16793.630859375;0;207;0;;0.4599609375;183517;m2;203590;0;
..\..\world\lordaeron\aeriepeaks\passivedoodads\trees\aerietree01.m2;20315.388671875;111.92278289794922;16835.193359375;0;101.6661376953125;0;;0.947265625;184242;m2;203587;0;
..\..\world\lordaeron\aeriepeaks\passivedoodads\trees\aerietree01.m2;20784.09765625;128.2508087158203;16941.384765625;0;251.6661376953125;0;;0.947265625;183252;m2;203587;0;
..\..\world\lordaeron\aeriepeaks\passivedoodads\trees\aerietree01.m2;20776.25;133.89315795898438;16893.345703125;0;251.1661376953125;0;;0.947265625;183255;m2;203587;0;
..\..\world\lordaeron\aeriepeaks\passivedoodads\trees\aerietree01.m2;20699.435546875;124.89642333984375;16683.52734375;0;190.1661376953125;0;;0.947265625;183321;m2;203587;0;
..\..\world\lordaeron\aeriepeaks\passivedoodads\trees\aerietree01.m2;20666.96875;122.76358032226562;16789.439453125;0;292.6661376953125;0;;0.947265625;183484;m2;203587;0;
..\..\world\lordaeron\aeriepeaks\passivedoodads\trees\aerietree01.m2;20562.37109375;117.33103942871094;17042.728515625;0;237.1661376953125;0;;0.947265625;183912;m2;203587;0;
..\..\world\lordaeron\aeriepeaks\passivedoodads\trees\aerietree01.m2;20318.361328125;113.52207946777344;16754.41015625;0;299.1661376953125;0;;0.947265625;184257;m2;203587;0;
..\..\world\lordaeron\aeriepeaks\passivedoodads\trees\aerietree01.m2;20261.87109375;117.3548583984375;16805.984375;0;299.1661376953125;0;;0.947265625;184263;m2;203587;0;
..\..\world\lordaeron\aeriepeaks\passivedoodads\trees\aerietree03.m2;20441.7578125;119.4012222290039;16600.283203125;0;289.01513671875;0;;0.369140625;183412;m2;203589;0;
..\..\world\lordaeron\aeriepeaks\passivedoodads\trees\aerietree02.m2;20400.40234375;120.62027740478516;16651.51171875;0;2.78460693359375;0;;0.462890625;183409;m2;203588;0;
..\..\world\lordaeron\aeriepeaks\passivedoodads\trees\aerietree02.m2;20487.662109375;124.219970703125;16908.056640625;0;162.03302001953125;0;;0.4609375;183816;m2;203588;0;
..\..\world\lordaeron\aeriepeaks\passivedoodads\trees\aerietree02.m2;20451.37109375;119.80845642089844;16616.96875;0;146.58404541015625;0;;0.439453125;183416;m2;203588;0;
..\..\world\lordaeron\aeriepeaks\passivedoodads\trees\aerietree01.m2;20786.107421875;134.8721466064453;16798.642578125;0;185.87777709960938;0;;0.880859375;183243;m2;203587;0;
..\..\world\lordaeron\aeriepeaks\passivedoodads\boulders\aerieboulder03.m2;20569.111328125;151.15821838378906;16843.892578125;-10.500000953674316;298.5;-13;;4.7294921875;181175;m2;203560;0;
..\..\world\lordaeron\aeriepeaks\passivedoodads\trees\aerietree01.m2;20456.384765625;119.45365142822266;16619.00390625;0;186.78427124023438;0;;0.849609375;183414;m2;203587;0;
..\..\world\azeroth\redridge\passivedoodads\trees\redridgefallentree03.m2;20369.41796875;132.9241943359375;16586.71484375;-18;69;13.5;;1;180659;m2;190118;0;
..\..\world\lordaeron\aeriepeaks\passivedoodads\trees\aerietree02.m2;20404.314453125;120.68414306640625;16657.712890625;0;13.41473388671875;0;;0.4130859375;183410;m2;203588;0;
..\..\world\lordaeron\aeriepeaks\passivedoodads\trees\aerietree02.m2;20412.294921875;120.83480072021484;16636.236328125;0;145.54034423828125;0;;0.4091796875;183425;m2;203588;0;
..\..\world\lordaeron\aeriepeaks\passivedoodads\trees\aerietree05.m2;20734.421875;132.08462524414062;17029.099609375;0;0;0;;1.9697265625;183477;m2;203591;0;
..\..\world\lordaeron\aeriepeaks\passivedoodads\trees\aerietree02.m2;20461.3828125;117.84983825683594;16716.498046875;0;177.46759033203125;0;;0.3681640625;182265;m2;203588;0;
..\..\world\lordaeron\aeriepeaks\passivedoodads\trees\aerietree03.m2;20546.76171875;129.66673278808594;16883.046875;0;261.39544677734375;0;;0.2890625;183811;m2;203589;0;
..\..\world\lordaeron\aeriepeaks\passivedoodads\trees\aerietree02.m2;20454.029296875;119.53511810302734;16623.62109375;0;230.0607147216797;0;;0.3623046875;183415;m2;203588;0;
..\..\world\lordaeron\aeriepeaks\passivedoodads\trees\aerietree05.m2;20545.86328125;108.6663818359375;16903.091796875;0;202;0;;1.9091796875;362823;m2;203591;0;
..\..\world\lordaeron\aeriepeaks\passivedoodads\trees\aerietree05.m2;20445.875;120.03043365478516;16683.650390625;0;67.39047241210938;0;;1.9033203125;183419;m2;203591;0;
..\..\world\azeroth\stranglethorn\passivedoodads\ruins\stranglethornruins04.m2;20468.111328125;116.04348754882812;16664.228515625;0;318;0;;1.099609375;182227;m2;190274;0;
..\..\world\lordaeron\aeriepeaks\passivedoodads\boulders\aerieboulder03.m2;20725.44921875;126.84937286376953;17017.146484375;2.5000007152557373;32;13;;3.8994140625;183238;m2;203560;0;
..\..\world\lordaeron\aeriepeaks\passivedoodads\boulders\aerieboulder01.m2;20597.076171875;104.43698120117188;16957.619140625;0;326;0;;1.6796875;362782;m2;203558;0;
..\..\world\lordaeron\aeriepeaks\passivedoodads\trees\aerietree02.m2;20453.208984375;116.8424072265625;16709.025390625;0;182.65325927734375;0;;0.337890625;182266;m2;203588;0;
..\..\world\lordaeron\aeriepeaks\passivedoodads\trees\aerietree01.m2;20436.626953125;119.66280364990234;16598.583984375;0;189.94842529296875;0;;0.6513671875;183413;m2;203587;0;
..\..\world\azeroth\stranglethorn\passivedoodads\ruins\stranglethornruins04.m2;20431.04296875;116.91034698486328;16665.9140625;0;128.5;0;;1;177965;m2;190274;0;
..\..\world\azeroth\stranglethorn\passivedoodads\ruins\stranglethornruins04.m2;20456.591796875;115.55442810058594;16633.611328125;0;158.5;0;;1;177966;m2;190274;0;
..\..\world\lordaeron\aeriepeaks\passivedoodads\trees\aerietree02.m2;20433.53125;119.669677734375;16651.45703125;0;30.828582763671875;0;;0.296875;183421;m2;203588;0;
..\..\world\lordaeron\aeriepeaks\passivedoodads\trees\aerietree05.m2;20504.443359375;109.84703063964844;16905.533203125;0;0;0;;1.5791015625;362789;m2;203591;0;
..\..\world\lordaeron\aeriepeaks\passivedoodads\boulders\aerieboulder01.m2;20729.37890625;128.9088897705078;17004.033203125;0;281;0;;1.3994140625;183237;m2;203558;0;
..\..\world\lordaeron\aeriepeaks\passivedoodads\boulders\aerieboulder01.m2;20513.84375;143.3692169189453;16861.138671875;0;69.5;0;;1.33984375;181174;m2;203558;0;
..\..\world\azeroth\redridge\passivedoodads\dockpieces\redridgedockspylon01.m2;20702.71875;117.19403839111328;16597.787109375;0;79.5;0;;1;365010;m2;190093;0;
..\..\world\azeroth\redridge\passivedoodads\dockpieces\redridgedockspylon01.m2;20701.548828125;117.67008209228516;16606.845703125;0;79.5;0;;1;365011;m2;190093;0;
..\..\world\azeroth\stranglethorn\passivedoodads\ruins\stranglethornruins10.m2;20476.66796875;118.1421127319336;16675.658203125;0;51.5;0;;1.4990234375;177967;m2;190280;0;
..\..\world\generic\human\passivedoodads\outposts\generaloutpost07.m2;20673.70703125;118.36788177490234;16598.33984375;0;352.5;0;;1;364973;m2;198386;0;
..\..\world\azeroth\stranglethorn\passivedoodads\ruins\stranglethornruins11.m2;20444.41015625;112.31021881103516;16704.001953125;-6.999999523162842;321.5;11;;1;180633;m2;190281;0;
..\..\world\lordaeron\aeriepeaks\passivedoodads\boulders\aerieboulder01.m2;20502.94140625;105.77747344970703;16972.080078125;0;190.36756896972656;0;;1.169921875;183805;m2;203558;0;
..\..\world\generic\human\passivedoodads\outposts\generaloutpost02.m2;20688.697265625;116.29390716552734;16613.21875;0;172.5;0;;1;364970;m2;198381;0;
..\..\world\generic\human\passivedoodads\outposts\generaloutpost02.m2;20690.9296875;115.27117156982422;16587.869140625;0;354;0;;1;364961;m2;198381;0;
..\..\world\lordaeron\aeriepeaks\passivedoodads\boulders\aerieboulder02.m2;20559.330078125;157.00961303710938;16848.857421875;0;352.5;0;;2.7998046875;181176;m2;203559;0;
..\..\world\lordaeron\aeriepeaks\passivedoodads\boulders\aerieboulder02.m2;20734.607421875;131.52247619628906;16994.28515625;0;233;0;;2.7392578125;183239;m2;203559;0;
..\..\world\azeroth\stranglethorn\passivedoodads\ruins\stranglethornruins11.m2;20499.96875;115.75272369384766;16637.763671875;0;51;0;;1;180632;m2;190281;0;
..\..\world\azeroth\stranglethorn\passivedoodads\ruins\stranglethornruins11.m2;20469.751953125;117.63865661621094;16682.150390625;0;322;0;;1;177969;m2;190281;0;
..\..\world\azeroth\stranglethorn\passivedoodads\ruins\stranglethornruins11.m2;20481.935546875;117.35640716552734;16666.02734375;0;53.500030517578125;0;;1;177968;m2;190281;0;
..\..\world\azeroth\stranglethorn\passivedoodads\ruins\stranglethornruins11.m2;20555.33984375;107.51020812988281;16937.759765625;0;46;0;;1;362794;m2;190281;0;
..\..\world\azeroth\stranglethorn\passivedoodads\ruins\stranglethornruins03.m2;20547.8984375;105.32460021972656;16993.658203125;9.49999713897705;100.5;76.00000762939453;;1.1591796875;362806;m2;190273;0;
..\..\world\lordaeron\aeriepeaks\passivedoodads\trees\aerietree05.m2;20455.107421875;118.23252868652344;16719.15234375;0;199.39825439453125;0;;1.1376953125;182267;m2;203591;0;
..\..\world\lordaeron\aeriepeaks\passivedoodads\trees\aerietree05.m2;20500.609375;108.41033935546875;16982.484375;0;78;0;;1.1298828125;362788;m2;203591;0;
..\..\world\azeroth\stranglethorn\passivedoodads\ruins\stranglethornruins09.m2;20389.8125;116.18760681152344;16724.3515625;0;359.5;0;;1.4892578125;234459;m2;190279;0;
..\..\world\lordaeron\aeriepeaks\passivedoodads\trees\aerietree05.m2;20436.26953125;115.8006362915039;16806.55078125;0;155.092041015625;0;;1.099609375;183787;m2;203591;0;
..\..\world\azeroth\stranglethorn\passivedoodads\ruins\stranglethornruins02.m2;20444.490234375;118.4754867553711;16649.736328125;0;51;0;;1;177962;m2;190272;0;
..\..\world\lordaeron\aeriepeaks\passivedoodads\boulders\aerieboulder01.m2;20381.791015625;120.23383331298828;16610.849609375;0;40.5;0;;1;180581;m2;203558;0;
..\..\world\lordaeron\aeriepeaks\passivedoodads\boulders\aerieboulder01.m2;20404.849609375;121.36238861083984;16569.82421875;0;14.5;0;;1;180582;m2;203558;0;
..\..\world\generic\troll\passivedoodads\skultikis\skulltiki.m2;20452.77734375;114.39695739746094;16697.423828125;-0.5000001192092896;60;-14.000000953674316;;1;180630;m2;200623;0;
..\..\world\azeroth\stranglethorn\passivedoodads\ruins\stranglethornruins12.m2;20490.70703125;108.33566284179688;16924.876953125;0;53.5;0;;1;362813;m2;190282;0;
..\..\world\azeroth\stranglethorn\passivedoodads\ruins\stranglethornruins12.m2;20570.392578125;105.8674087524414;16948.931640625;7.500000476837158;134;4;;1;362809;m2;190282;0;
..\..\world\azeroth\stranglethorn\passivedoodads\ruins\stranglethornruins03.m2;20395.767578125;115.890380859375;16725.15234375;-15.499999046325684;209;14.500001907348633;;1;234476;m2;190273;0;
..\..\world\azeroth\stranglethorn\passivedoodads\ruins\stranglethornruins01.m2;20481.6171875;127.89824676513672;16792.521484375;-4;273.5;11.5;;1;181179;m2;190271;0;
..\..\world\lordaeron\aeriepeaks\passivedoodads\trees\aerietree05.m2;20485.255859375;120.07102966308594;16669.46875;0;355.9332275390625;0;;1.0380859375;182260;m2;203591;0;
..\..\world\azeroth\stranglethorn\passivedoodads\ruins\stranglethornruins03.m2;20555.130859375;107.52210235595703;16987.587890625;-10.000001907348633;307;-13.500000953674316;;1;362805;m2;190273;0;
..\..\world\lordaeron\aeriepeaks\passivedoodads\boulders\aerieboulder04.m2;20729.236328125;126.4468765258789;17026.787109375;3.9999990463256836;90;13.500000953674316;;1;183240;m2;203561;0;
..\..\world\lordaeron\aeriepeaks\passivedoodads\boulders\aerieboulder04.m2;20743.349609375;134.91416931152344;16997.130859375;4.000000476837158;228;13.5;;1;183241;m2;203561;0;
..\..\world\azeroth\stranglethorn\passivedoodads\ruins\stranglethornruins03.m2;20470.47265625;113.41876983642578;16609.5859375;-11.000000953674316;300;32.000003814697266;;1;180635;m2;190273;0;
..\..\world\lordaeron\aeriepeaks\passivedoodads\trees\aerietree05.m2;20724.38671875;130.44151306152344;17025.5703125;0;85;0;;1;183476;m2;203591;0;
..\..\world\lordaeron\aeriepeaks\passivedoodads\trees\aerietree05.m2;20580.76171875;156.0737762451172;16816.83203125;0;0.5;0;;1;183512;m2;203591;0;
..\..\world\lordaeron\aeriepeaks\passivedoodads\trees\aerietree05.m2;20518.03125;149.51675415039062;16800.259765625;0;0;0;;1;183515;m2;203591;0;
..\..\world\lordaeron\aeriepeaks\passivedoodads\trees\aerietree05.m2;20534.923828125;157.6023712158203;16821.96875;0;0;0;;1;183521;m2;203591;0;
..\..\world\lordaeron\aeriepeaks\passivedoodads\trees\aerietree05.m2;20525.705078125;155.41455078125;16831.517578125;0;0;0;;1;183522;m2;203591;0;
..\..\world\lordaeron\aeriepeaks\passivedoodads\trees\aerietree05.m2;20563.986328125;156.23793029785156;16853.880859375;0;0;0;;1;183525;m2;203591;0;
..\..\world\lordaeron\aeriepeaks\passivedoodads\trees\aerietree05.m2;20579.880859375;151.81777954101562;16843.923828125;0;188.5;0;;1;183526;m2;203591;0;
..\..\world\lordaeron\aeriepeaks\passivedoodads\trees\aerietree05.m2;20520.619140625;150.67462158203125;16865.794921875;0;135;0;;1;183531;m2;203591;0;
..\..\world\lordaeron\aeriepeaks\passivedoodads\trees\aerietree05.m2;20479.982421875;126.62803649902344;16784.51953125;0;22.68743896484375;0;;1;183788;m2;203591;0;
..\..\world\lordaeron\aeriepeaks\passivedoodads\trees\aerietree05.m2;20535.396484375;109.07705688476562;16995.732421875;0;0;0;;1;362787;m2;203591;0;
..\..\world\lordaeron\aeriepeaks\passivedoodads\trees\aerietree05.m2;20493.62890625;107.36608123779297;16953.6875;0;247.5;0;;1;362822;m2;203591;0;
..\..\world\lordaeron\aeriepeaks\passivedoodads\trees\aerietree05.m2;20469.419921875;119.48677825927734;16782.50390625;0;318.9648132324219;0;;1;183791;m2;203591;0;
..\..\world\lordaeron\aeriepeaks\passivedoodads\boulders\aerieboulder03.m2;20667.7578125;97.0918197631836;16526.990234375;0;31.5;0;;2.2197265625;74191012;m2;203560;0;
..\..\world\lordaeron\aeriepeaks\passivedoodads\trees\aerietree05.m2;20403.33984375;123.34243774414062;16577.70703125;0;1.076690673828125;0;;0.9951171875;183407;m2;203591;0;
..\..\world\generic\troll\passivedoodads\skultikis\skulltiki.m2;20549.880859375;108.34834289550781;16988.689453125;0;218;0;;1;362804;m2;200623;0;
..\..\world\generic\troll\passivedoodads\skultikis\skulltiki.m2;20496.798828125;117.13670349121094;16648.306640625;0;49.5;0;;1;180631;m2;200623;0;
..\..\world\lordaeron\aeriepeaks\passivedoodads\trees\aerietree05.m2;20468.013671875;118.67442321777344;16689.734375;0;63.78857421875;0;;0.9697265625;182268;m2;203591;0;
..\..\world\azeroth\stranglethorn\passivedoodads\ruins\stranglethornruins03.m2;20455.71484375;108.3667984008789;16580.455078125;6.5;10.5;36.500003814697266;;1;180637;m2;190273;0;
..\..\world\lordaeron\aeriepeaks\passivedoodads\boulders\aerieboulder02.m2;20379.974609375;122.44287109375;16587.736328125;0;0;0;;2.08984375;180583;m2;203559;0;
..\..\world\azeroth\redridge\passivedoodads\dockpieces\redridgedocksplank01.m2;20701.66015625;125.07819366455078;16602.408203125;0;352.5;0;;0.5595703125;365012;m2;190091;0;
..\..\world\azeroth\stranglethorn\passivedoodads\ruins\stranglethornruins09.m2;20487.349609375;107.16838073730469;16930.3046875;0;51.5;0;;1.189453125;362839;m2;190279;0;
..\..\world\azeroth\stranglethorn\passivedoodads\ruins\stranglethornruins03.m2;20414.37890625;121.29315948486328;16682.595703125;0;159;0;;1;180634;m2;190273;0;
..\..\world\azeroth\stranglethorn\passivedoodads\ruins\stranglethornruins03.m2;20384.39453125;116.08660125732422;16724.67578125;0;169.5;0;;1;234458;m2;190273;0;
..\..\world\azeroth\stranglethorn\passivedoodads\ruins\stranglethornruins03.m2;20552.951171875;106.64450073242188;16941.720703125;0;45.5;0;;1;362793;m2;190273;0;
..\..\world\azeroth\stranglethorn\passivedoodads\ruins\stranglethornruins03.m2;20385.1015625;120.322021484375;16667.712890625;0;157.5;0;;1;180636;m2;190273;0;
..\..\world\azeroth\stranglethorn\passivedoodads\ruins\stranglethornruins03.m2;20441.517578125;116.42706298828125;16706.501953125;0;222;0;;1;234477;m2;190273;0;
..\..\world\lordaeron\aeriepeaks\passivedoodads\boulders\aerieboulder01.m2;20510.9453125;116.58590698242188;16685.201171875;0;310;0;;0.8095703125;180661;m2;203558;0;
..\..\world\azeroth\stranglethorn\passivedoodads\ruins\stranglethornruins09.m2;20407.052734375;118.3363265991211;16587.05078125;-24.5;355.5;-17;;1;177949;m2;190279;0;
..\..\world\generic\human\passivedoodads\outposts\generaloutpost03.m2;20682.451171875;118.12590789794922;16587.578125;0;0;0;;1;364964;m2;198382;0;
..\..\world\generic\human\passivedoodads\outposts\generaloutpost03.m2;20697.166015625;120.1515884399414;16613.73046875;0;178.5;0;;1;364969;m2;198382;0;
..\..\world\generic\human\passivedoodads\outposts\generaloutpost03.m2;20679.96484375;118.57018280029297;16611.34375;0;178.5;0;;1;364971;m2;198382;0;
..\..\world\generic\human\passivedoodads\outposts\generaloutpost03.m2;20699.708984375;118.08120727539062;16589.515625;0;0;0;;1;364965;m2;198382;0;
..\..\world\generic\human\passivedoodads\outposts\generaloutpost03.m2;20704.73828125;119.46682739257812;16597.376953125;0;0;0;;1;364966;m2;198382;0;
..\..\world\generic\human\passivedoodads\outposts\generaloutpost03.m2;20703.01953125;120.19326782226562;16607.462890625;0;178.5;0;;1;364967;m2;198382;0;
..\..\world\azeroth\stranglethorn\passivedoodads\ruins\stranglethornruins09.m2;20420.443359375;121.4510269165039;16679.359375;87.50017547607422;63.0001220703125;38.5001220703125;;1;177953;m2;190279;0;
..\..\world\lordaeron\aeriepeaks\passivedoodads\trees\aerietree05.m2;20376.20703125;123.64395141601562;16622.796875;0;167.14013671875;0;;0.7822265625;183405;m2;203591;0;
..\..\world\lordaeron\aeriepeaks\passivedoodads\trees\aerietree05.m2;20378.544921875;122.28716278076172;16594.8828125;0;222.07342529296875;0;;0.7724609375;183406;m2;203591;0;
..\..\world\generic\human\passivedoodads\outposts\generaloutpost04.m2;20699.728515625;118.39810943603516;16586.396484375;0;240.5;0;;1;364988;m2;198383;0;
..\..\world\generic\human\passivedoodads\outposts\generaloutpost04.m2;20682.30078125;118.38408660888672;16582.828125;0;295.5;0;;1;364992;m2;198383;0;
..\..\world\generic\human\passivedoodads\outposts\generaloutpost04.m2;20705.68359375;119.37608337402344;16591.5859375;0;218.5;0;;1;364986;m2;198383;0;
..\..\world\generic\human\passivedoodads\outposts\generaloutpost04.m2;20676.1640625;118.9269790649414;16610.361328125;0;46;0;;1;364982;m2;198383;0;
..\..\world\azeroth\stranglethorn\passivedoodads\ruins\stranglethornruins09.m2;20376.669921875;122.36953735351562;16632.083984375;0;304.5;0;;1;177950;m2;190279;0;
..\..\world\azeroth\stranglethorn\passivedoodads\ruins\stranglethornruins09.m2;20433.474609375;119.68460083007812;16593.77734375;0;321.5;0;;1;177970;m2;190279;0;
..\..\world\azeroth\stranglethorn\passivedoodads\ruins\stranglethornruins09.m2;20484.58203125;128.5926513671875;16798.8828125;0;353;0;;1;181180;m2;190279;0;
..\..\world\azeroth\stranglethorn\passivedoodads\ruins\stranglethornruins09.m2;20380.40234375;121.59980010986328;16602.251953125;0;69.5;0;;1;177951;m2;190279;0;
..\..\world\azeroth\stranglethorn\passivedoodads\ruins\stranglethornruins09.m2;20392.01171875;121.94759368896484;16648.9375;0;113.5;0;;1;177952;m2;190279;0;
..\..\world\azeroth\stranglethorn\passivedoodads\ruins\stranglethornruins09.m2;20468.8046875;118.3386001586914;16616.080078125;0;36;0;;1;177954;m2;190279;0;
..\..\world\generic\human\passivedoodads\outposts\generaloutpost04.m2;20702.310546875;120.70787048339844;16612.7265625;0;135.5;0;;1;364979;m2;198383;0;
..\..\world\generic\human\passivedoodads\outposts\generaloutpost04.m2;20685.203125;119.07218170166016;16615.56640625;0;79;0;;1;364977;m2;198383;0;
..\..\world\generic\human\passivedoodads\outposts\generaloutpost04.m2;20692.037109375;117.99555206298828;16583.73046875;0;261.5;0;;1;364989;m2;198383;0;
..\..\world\generic\human\passivedoodads\outposts\generaloutpost04.m2;20708.263671875;121.130126953125;16602.330078125;0;172;0;;1;364983;m2;198383;0;
..\..\world\generic\human\passivedoodads\outposts\generaloutpost04.m2;20693.064453125;119.96009826660156;16616.921875;0;95.5;0;;1;364978;m2;198383;0;
..\..\world\generic\human\passivedoodads\outposts\generaloutpost01.m2;20704.11328125;115.99935150146484;16602.509765625;0;262.5;0;;1.119140625;364974;m2;198380;0;
..\..\world\lordaeron\aeriepeaks\passivedoodads\trees\aerietree05.m2;20448.240234375;121.12286376953125;16683.09375;0;37.107696533203125;0;;0.64453125;183418;m2;203591;0;
..\..\world\lordaeron\aeriepeaks\passivedoodads\trees\aerietree05.m2;20434.12109375;119.4970474243164;16656.64453125;0;167.766357421875;0;;0.6357421875;183420;m2;203591;0;
..\..\world\azeroth\stranglethorn\activedoodads\cages\cage03.m2;20529.33203125;108.86628723144531;16990.423828125;-7.999999046325684;72.5;-3;;1.869140625;362785;m2;190143;0;
..\..\world\azeroth\stranglethorn\activedoodads\cages\cage03.m2;20522.833984375;107.85527038574219;16981.759765625;0;21.5;0;;1.859375;362783;m2;190143;0;
..\..\world\generic\human\passivedoodads\outposts\generaloutpost01.m2;20679.578125;115.7030029296875;16590.759765625;0;231;0;;1;364962;m2;198380;0;
..\..\world\generic\human\passivedoodads\outposts\generaloutpost01.m2;20702.330078125;116.22511291503906;16593.26171875;0;303;0;;1;364963;m2;198380;0;
..\..\world\generic\human\passivedoodads\outposts\generaloutpost01.m2;20700.12109375;117.43541717529297;16610.625;0;49.5;0;;1;364968;m2;198380;0;
..\..\world\generic\human\passivedoodads\outposts\generaloutpost01.m2;20677.443359375;115.83828735351562;16607.529296875;0;121.5;0;;1;364972;m2;198380;0;
..\..\world\lordaeron\aeriepeaks\passivedoodads\trees\aerietree05.m2;20436.955078125;120.54337310791016;16623.40625;0;97.49237060546875;0;;0.5732421875;183424;m2;203591;0;
..\..\world\azeroth\stranglethorn\passivedoodads\trollshrine\stranglethorntikihead.m2;20431.23046875;119.69657135009766;16597.064453125;15.50000286102295;323;3.999999523162842;;1;180638;m2;190354;0;
..\..\world\khazmodan\badlands\passivedoodads\wagon\badlandssunkenwagon.m2;20692.333984375;119.48506927490234;16642.6640625;0;350.5;0;;1;364995;m2;203004;0;
..\..\world\azeroth\stranglethorn\passivedoodads\trollshrine\stranglethorntikihead.m2;20395.68359375;121.2662124633789;16647.044921875;13.5;122.5;3.000000238418579;;1;180639;m2;190354;0;
..\..\world\lordaeron\aeriepeaks\passivedoodads\boulders\aerieboulder03.m2;20439.8046875;117.72377014160156;16713.08203125;0;0;0;;1.6796875;234478;m2;203560;0;
..\..\world\generic\human\passivedoodads\rugs\generalbearskinrug01.m2;20571.1640625;108.04987335205078;16963.662109375;0;271;0;;1.2392578125;362858;m2;198426;0;
..\..\world\azeroth\stranglethorn\passivedoodads\trolldrum\trollruinsdrum01.m2;20393.861328125;119.2571792602539;16625.251953125;-14.499998092651367;43;65.5;;1;180643;m2;190333;0;
..\..\world\azeroth\stranglethorn\activedoodads\cages\cage02.m2;20537.630859375;108.32476806640625;16985.169921875;0;130;0;;1.6298828125;362784;m2;190142;0;
..\..\world\azeroth\stranglethorn\passivedoodads\ruins\stranglethornruins07.m2;20443.080078125;117.07427215576172;16660.46484375;-26.5000057220459;71.5;51.000003814697266;;1;180645;m2;190277;0;
..\..\world\generic\troll\passivedoodads\troughs\trough.m2;20699.8671875;119.10408782958984;16593.98828125;1.9999995231628418;310.5;6.999999523162842;;1;365013;m2;200642;0;
..\..\world\generic\human\passivedoodads\outposts\generaloutpost05.m2;20706.103515625;120.99652862548828;16608.44140625;0;148;0;;1;364984;m2;198384;0;
..\..\world\azeroth\stranglethorn\passivedoodads\trollruinsgong\trollruinsgong03.m2;20401.5703125;119.57205963134766;16588.3125;-69.5;343;2.9999988079071045;;1;180642;m2;190353;0;
..\..\world\generic\human\passivedoodads\outposts\generaloutpost05.m2;20675.611328125;117.9140396118164;16588.267578125;0;332.5;0;;1;364993;m2;198384;0;
..\..\world\generic\human\passivedoodads\outposts\generaloutpost05.m2;20678.74609375;119.21463775634766;16613.203125;0;48;0;;1;364975;m2;198384;0;
..\..\world\generic\human\passivedoodads\outposts\generaloutpost05.m2;20677.892578125;118.4604263305664;16585.4765625;0;317;0;;1;364991;m2;198384;0;
..\..\world\azeroth\stranglethorn\passivedoodads\ruins\stranglethornruins05.m2;20476.70703125;118.5650405883789;16660.3359375;-15.50000286102295;54.5;-15.000000953674316;;1.0390625;182229;m2;190275;0;
..\..\world\lordaeron\aeriepeaks\passivedoodads\bushes\aeriepeaksbush02.m2;20500.455078125;107.85331726074219;16966.673828125;0;201.10667419433594;0;;1.44921875;183848;m2;203566;0;
..\..\world\generic\human\passivedoodads\outposts\generaloutpost05.m2;20698.671875;120.4012222290039;16616.861328125;0;105.5;0;;1;364980;m2;198384;0;
..\..\world\generic\human\passivedoodads\outposts\generaloutpost05.m2;20707.697265625;120.31765747070312;16596.96875;0;195.5;0;;1;364985;m2;198384;0;
..\..\world\lordaeron\aeriepeaks\passivedoodads\bushes\aeriepeaksbush02.m2;20508.763671875;108.1901626586914;16979.486328125;0;138.40997314453125;0;;1.3095703125;183846;m2;203566;0;
..\..\world\generic\human\passivedoodads\outposts\generaloutpost05.m2;20686.984375;118.37442016601562;16582.763671875;0;276;0;;1;364990;m2;198384;0;
..\..\world\lordaeron\aeriepeaks\passivedoodads\bushes\aeriepeaksbush01.m2;20508.64453125;109.34284210205078;16968.326171875;0;59.542572021484375;0;;1.26953125;183851;m2;203565;0;
..\..\world\azeroth\stranglethorn\activedoodads\cages\cage03.m2;20585.69921875;108.89022827148438;16963.970703125;0;214;0;;1.2197265625;362817;m2;190143;0;
..\..\world\azeroth\stranglethorn\passivedoodads\trolldrum\trollruinsdrum01.m2;20522.22265625;108.92568969726562;16971.974609375;-14.999999046325684;270;-97.00000762939453;;1;365185;m2;190333;0;
..\..\world\generic\human\passivedoodads\outposts\generaloutpost05.m2;20673.005859375;118.69011688232422;16607.052734375;0;0;0;;1;364981;m2;198384;0;
..\..\world\generic\human\passivedoodads\outposts\generaloutpost06.m2;20680.42578125;119.10455322265625;16614.2890625;0;79.5;0;;1;364976;m2;198385;0;
..\..\world\generic\human\passivedoodads\outposts\generaloutpost06.m2;20708.470703125;120.69309997558594;16598.564453125;0;193;0;;1;364987;m2;198385;0;
..\..\world\azeroth\stranglethorn\activedoodads\cages\cage02.m2;20426.53125;119.01197814941406;16594.595703125;15.499998092651367;43.5;6.499999523162842;;1.099609375;234473;m2;190142;0;
..\..\world\azeroth\stranglethorn\activedoodads\cages\cage02.m2;20453.58203125;119.047607421875;16629.6328125;11;0;-21.999998092651367;;1.2099609375;234474;m2;190142;0;
..\..\world\azeroth\stranglethorn\activedoodads\cages\cage03.m2;20387.822265625;120.53778839111328;16606.9140625;27.999998092651367;19.5;-13.500000953674316;;1;234463;m2;190143;0;
..\..\world\generic\human\passivedoodads\tables\inntable.m2;20420.6875;118.96256256103516;16608.599609375;1.5000005960464478;244.00001525878906;-15.999998092651367;;1;182230;m2;198603;0;
..\..\world\azeroth\stranglethorn\activedoodads\cages\cage03.m2;20383.27734375;120.54374694824219;16632.12109375;-20.499998092651367;0;22.999996185302734;;1;234467;m2;190143;0;
..\..\world\azeroth\westfall\passivedoodads\deadcow\deadcow.m2;20532.865234375;107.1689224243164;16967.384765625;0;0;0;;1;365183;m2;190545;0;
..\..\world\azeroth\stranglethorn\passivedoodads\ruins\stranglethornruins08.m2;20455.173828125;117.08106994628906;16644.013671875;-38.50000762939453;19.5;50;;1;180644;m2;190278;0;
..\..\world\azeroth\stranglethorn\passivedoodads\serpentstatue02\serpentstatue02.m2;20517.869140625;111.22200012207031;16897.30859375;0;32.5;0;;1;362811;m2;190304;0;
..\..\world\azeroth\stranglethorn\passivedoodads\serpentstatue02\serpentstatue02.m2;20510.470703125;111.26547241210938;16903.529296875;0;42.5;0;;1;362812;m2;190304;0;
..\..\world\azeroth\stranglethorn\passivedoodads\ruins\stranglethornruins05.m2;20449.66015625;119.2188720703125;16643.37890625;0;323;0;;1;177963;m2;190275;0;
..\..\world\azeroth\stranglethorn\passivedoodads\ruins\stranglethornruins05.m2;20439.197265625;118.97444915771484;16656.01953125;0;324;0;;1;177964;m2;190275;0;
..\..\world\azeroth\stranglethorn\passivedoodads\ruins\stranglethornruins05.m2;20462.54296875;120.70091247558594;16678.0390625;0;54.5;0;;1;182228;m2;190275;0;
..\..\world\lordaeron\aeriepeaks\passivedoodads\boulders\aerieboulder03.m2;20514.802734375;118.89054107666016;16690.19921875;0;354.5;0;;1;180662;m2;203560;0;
..\..\world\azeroth\stranglethorn\passivedoodads\ruins\stranglethornruins08.m2;20472.830078125;93.08915710449219;16557.927734375;-42.499996185302734;0;57.99999237060547;;1;180649;m2;190278;0;
..\..\world\azeroth\stranglethorn\passivedoodads\ruins\stranglethornruins05.m2;20552.01953125;108.5126724243164;16971.220703125;0;340.5;0;;1.0390625;362830;m2;190275;0;
..\..\world\generic\human\passivedoodads\tables\bloodytable1.m2;20392.650390625;120.0633316040039;16610.8046875;-70;229.99998474121094;9.000007629394531;;0.8994140625;180580;m2;198598;0;
..\..\world\azeroth\stranglethorn\activedoodads\cages\cage02.m2;20418.205078125;118.2436294555664;16593.162109375;-6.000000476837158;114.5;15.500000953674316;;1;234472;m2;190142;0;
..\..\world\lordaeron\aeriepeaks\passivedoodads\bushes\aeriepeaksbush01.m2;20510.705078125;108.20263671875;16980.126953125;0;136.95974731445312;0;;1;183843;m2;203565;0;
..\..\world\generic\human\passivedoodads\tables\bloodytable1.m2;20690.896484375;118.26882934570312;16590.123046875;0;355;0;;1.0595703125;364998;m2;198598;0;
..\..\world\generic\orc\passivedoodads\rugs\furrug01.m2;20392.43359375;120.62596130371094;16595.22265625;1;344.5;-4.999999523162842;;2.939453125;182237;m2;199241;0;
..\..\world\lordaeron\aeriepeaks\passivedoodads\bushes\aeriepeaksbush02.m2;20379.974609375;116.92925262451172;17033.798828125;0;328.46826171875;0;;0.9951171875;390515;m2;203566;0;
..\..\world\lordaeron\aeriepeaks\passivedoodads\bushes\aeriepeaksbush01.m2;20364.138671875;111.42092895507812;16820.400390625;0;139.4976806640625;0;;0.98828125;391637;m2;203565;0;
..\..\world\lordaeron\aeriepeaks\passivedoodads\bushes\aeriepeaksbush01.m2;20666.2578125;121.02456665039062;16655.8203125;0;49.63775634765625;0;;0.9873046875;391679;m2;203565;0;
..\..\world\generic\human\passivedoodads\tables\inntable.m2;20689.11328125;119.60360717773438;16611.435546875;0;352;2.5000009536743164;;1;364997;m2;198603;0;
..\..\world\lordaeron\aeriepeaks\passivedoodads\bushes\aeriepeaksbush02.m2;20659.974609375;126.07879638671875;16878.5390625;0;325.85345458984375;0;;0.966796875;390474;m2;203566;0;
..\..\world\lordaeron\aeriepeaks\passivedoodads\bushes\aeriepeaksbush01.m2;20508.087890625;109.24626922607422;16966.65234375;0;210.19683837890625;0;;1;183844;m2;203565;0;
..\..\world\lordaeron\aeriepeaks\passivedoodads\bushes\aeriepeaksbush01.m2;20575.017578125;116.9813232421875;16696.666015625;0;36.3988037109375;0;;0.9765625;391669;m2;203565;0;
..\..\world\azeroth\stranglethorn\passivedoodads\ruins\stranglethornruins08.m2;20493.025390625;109.2612533569336;16928.64453125;8;0;-82.99999237060547;;1;362840;m2;190278;0;
..\..\world\azeroth\stranglethorn\passivedoodads\ruins\stranglethornruins08.m2;20416.486328125;121.27330017089844;16686.244140625;34;198;58;;0.9091796875;180646;m2;190278;0;
..\..\world\azeroth\stranglethorn\passivedoodads\ruins\stranglethornruins08.m2;20475.61328125;108.25650787353516;16602.75;-7.500002861022949;312;78.49999237060547;;1;180648;m2;190278;0;
..\..\world\lordaeron\aeriepeaks\passivedoodads\bushes\aeriepeaksbush02.m2;20380.27734375;116.92925262451172;17036.033203125;0;331.4126892089844;0;;0.95703125;390528;m2;203566;0;
..\..\world\lordaeron\aeriepeaks\passivedoodads\bushes\aeriepeaksbush02.m2;20365.658203125;112.62085723876953;16810.515625;0;154.08795166015625;0;;0.95703125;391628;m2;203566;0;
..\..\world\lordaeron\aeriepeaks\passivedoodads\bushes\aeriepeaksbush01.m2;20661.517578125;126.1109390258789;16880.173828125;0;37.42059326171875;0;;0.9345703125;390463;m2;203565;0;
..\..\world\lordaeron\aeriepeaks\passivedoodads\bushes\aeriepeaksbush01.m2;20580.41796875;117.07270050048828;16701.26953125;0;309.0438537597656;0;;0.921875;391667;m2;203565;0;
..\..\world\lordaeron\aeriepeaks\passivedoodads\bushes\aeriepeaksbush01.m2;20362.29296875;112.26886749267578;16813.306640625;0;20.896636962890625;0;;0.984375;391640;m2;203565;0;
..\..\world\azeroth\stranglethorn\passivedoodads\ruins\stranglethornruins08.m2;20384.73828125;122.7305908203125;16668.337890625;0;0;0;;1;180647;m2;190278;0;
..\..\world\lordaeron\aeriepeaks\passivedoodads\bushes\aeriepeaksbush02.m2;20368.267578125;111.1929931640625;16819.021484375;0;53.70281982421875;0;;0.8974609375;391634;m2;203566;0;
..\..\world\lordaeron\aeriepeaks\passivedoodads\bushes\aeriepeaksbush01.m2;20575.75390625;116.97386169433594;16696.7265625;0;218.94223022460938;0;;0.9013671875;391668;m2;203565;0;
..\..\world\lordaeron\aeriepeaks\passivedoodads\bushes\aeriepeaksbush02.m2;20556.373046875;118.58606719970703;16737.703125;0;223.56759643554688;0;;0.873046875;391658;m2;203566;0;
..\..\world\lordaeron\aeriepeaks\passivedoodads\bushes\aeriepeaksbush02.m2;20377.8359375;116.92925262451172;17036.9296875;0;54.32904052734375;0;;0.87109375;390512;m2;203566;0;
..\..\world\lordaeron\aeriepeaks\passivedoodads\bushes\aeriepeaksbush01.m2;20617.359375;117.9554214477539;16700.73828125;0;34.37725830078125;0;;0.8916015625;391686;m2;203565;0;
..\..\world\lordaeron\aeriepeaks\passivedoodads\bushes\aeriepeaksbush01.m2;20554.189453125;118.61434173583984;16737.662109375;0;30.37811279296875;0;;0.8955078125;391661;m2;203565;0;
..\..\world\lordaeron\aeriepeaks\passivedoodads\bushes\aeriepeaksbush02.m2;20377.48828125;116.92925262451172;17035.439453125;0;293.70648193359375;0;;0.90625;390513;m2;203566;0;
..\..\world\lordaeron\aeriepeaks\passivedoodads\bushes\aeriepeaksbush02.m2;20488.736328125;130.63609313964844;16808.134765625;0;59.8443603515625;0;;0.87109375;391695;m2;203566;0;
..\..\world\generic\troll\passivedoodads\snakegargoyle\snakegargoyle.m2;20449.490234375;122.91011810302734;16648;0;229;0;;1;182258;m2;200625;0;
..\..\world\generic\troll\passivedoodads\snakegargoyle\snakegargoyle.m2;20444.119140625;123.02362823486328;16654.912109375;0;229;0;;1;182259;m2;200625;0;
..\..\world\lordaeron\aeriepeaks\passivedoodads\bushes\aeriepeaksbush01.m2;20580.349609375;117.0789794921875;16701.3828125;0;106.50469970703125;0;;0.9501953125;391666;m2;203565;0;
..\..\world\azeroth\stranglethorn\activedoodads\cages\cage02.m2;20385.041015625;120.58731842041016;16603.3125;-27;0;0;;1;234464;m2;190142;0;
..\..\world\generic\troll\passivedoodads\snakegargoyle\snakegargoyle.m2;20550.751953125;111.20040893554688;16931.205078125;0;46.5;0;;1;362799;m2;200625;0;
..\..\world\lordaeron\aeriepeaks\passivedoodads\bushes\aeriepeaksbush01.m2;20362.31640625;111.7499771118164;16819.267578125;0;231.20330810546875;0;;0.849609375;391638;m2;203565;0;
..\..\world\lordaeron\aeriepeaks\passivedoodads\bushes\aeriepeaksbush02.m2;20658.30859375;122.0025634765625;16659.52734375;0;78.82931518554688;0;;0.9814453125;391675;m2;203566;0;
..\..\world\lordaeron\aeriepeaks\passivedoodads\bushes\aeriepeaksbush02.m2;20365.2109375;111.17365264892578;16820.75390625;0;20.2703857421875;0;;0.900390625;391635;m2;203566;0;
..\..\world\lordaeron\aeriepeaks\passivedoodads\bushes\aeriepeaksbush02.m2;20469.501953125;119.32270050048828;16736.435546875;0;328.8418273925781;0;;0.84375;391648;m2;203566;0;
..\..\world\lordaeron\aeriepeaks\passivedoodads\bushes\aeriepeaksbush01.m2;20660.736328125;126.16719818115234;16882.46484375;0;130.71929931640625;0;;0.8369140625;390470;m2;203565;0;
..\..\world\lordaeron\aeriepeaks\passivedoodads\bushes\aeriepeaksbush01.m2;20377.05078125;116.92925262451172;17039.1875;0;166.67864990234375;0;;0.95703125;390531;m2;203565;0;
..\..\world\lordaeron\aeriepeaks\passivedoodads\bushes\aeriepeaksbush02.m2;20366.712890625;111.24620056152344;16819.849609375;0;315.4600524902344;0;;0.8115234375;391633;m2;203566;0;
..\..\world\lordaeron\aeriepeaks\passivedoodads\bushes\aeriepeaksbush02.m2;20491.6875;131.35098266601562;16805.384765625;0;20.1165771484375;0;;0.8828125;391693;m2;203566;0;
..\..\world\lordaeron\aeriepeaks\passivedoodads\bushes\aeriepeaksbush02.m2;20375.755859375;116.92925262451172;17033.482421875;0;321.67852783203125;0;;0.80859375;390517;m2;203566;0;
..\..\world\lordaeron\aeriepeaks\passivedoodads\bushes\aeriepeaksbush01.m2;20658.505859375;126.13480377197266;16884.330078125;0;103.45040893554688;0;;0.9462890625;390469;m2;203565;0;
..\..\world\lordaeron\aeriepeaks\passivedoodads\bushes\aeriepeaksbush01.m2;20661.921875;126.04740142822266;16877.7265625;0;28.0379638671875;0;;0.8291015625;390464;m2;203565;0;
..\..\world\lordaeron\aeriepeaks\passivedoodads\bushes\aeriepeaksbush01.m2;20378.47265625;116.92925262451172;17035.78515625;0;140.5303955078125;0;;0.796875;390530;m2;203565;0;
..\..\world\lordaeron\aeriepeaks\passivedoodads\bushes\aeriepeaksbush02.m2;20469.490234375;119.35608673095703;16737.1796875;0;215.27268981933594;0;;0.787109375;391647;m2;203566;0;
..\..\world\lordaeron\aeriepeaks\passivedoodads\bushes\aeriepeaksbush02.m2;20368.90234375;115.92130279541016;16729.541015625;0;264.3720703125;0;;0.9833984375;391645;m2;203566;0;
..\..\world\lordaeron\aeriepeaks\passivedoodads\bushes\aeriepeaksbush01.m2;20519.63671875;108.43736267089844;16978.607421875;0;84.2457275390625;0;;1;183845;m2;203565;0;
..\..\world\azeroth\stranglethorn\activedoodads\cages\cage02.m2;20584.23046875;108.57449340820312;16960.193359375;0;192;0;;1.01953125;362818;m2;190142;0;
..\..\world\lordaeron\aeriepeaks\passivedoodads\bushes\aeriepeaksbush02.m2;20290.1953125;115.14605712890625;16774.029296875;0;284.1920166015625;0;;0.8857421875;391627;m2;203566;0;
..\..\world\lordaeron\aeriepeaks\passivedoodads\bushes\aeriepeaksbush01.m2;20661.353515625;126.1297836303711;16880.86328125;0;46.23187255859375;0;;0.787109375;390471;m2;203565;0;
..\..\world\lordaeron\aeriepeaks\passivedoodads\bushes\aeriepeaksbush01.m2;20560.814453125;118.48631286621094;16737.16015625;0;73.83038330078125;0;;0.8857421875;391662;m2;203565;0;
..\..\world\lordaeron\aeriepeaks\passivedoodads\bushes\aeriepeaksbush02.m2;20368.16796875;115.83001708984375;16730.919921875;0;262.49334716796875;0;;0.9501953125;391646;m2;203566;0;
..\..\world\lordaeron\aeriepeaks\passivedoodads\bushes\aeriepeaksbush02.m2;20377.744140625;116.92925262451172;17033.294921875;0;292.4100341796875;0;;0.8154296875;390518;m2;203566;0;
..\..\world\lordaeron\aeriepeaks\passivedoodads\bushes\aeriepeaksbush01.m2;20361.158203125;115.43328094482422;16729.71484375;0;245.5409393310547;0;;0.818359375;391643;m2;203565;0;
..\..\world\lordaeron\aeriepeaks\passivedoodads\bushes\aeriepeaksbush02.m2;20471.95703125;119.6288833618164;16737.90234375;0;107.53748321533203;0;;0.8359375;391650;m2;203566;0;
..\..\world\lordaeron\aeriepeaks\passivedoodads\bushes\aeriepeaksbush01.m2;20618.876953125;118.15337371826172;16698.80859375;0;166.73358154296875;0;;0.87890625;391684;m2;203565;0;
..\..\world\azeroth\stranglethorn\passivedoodads\trollruinsgong\trollruinsgong03.m2;20553.17578125;112.279296875;16971.55078125;0;251.5;0;;0.619140625;362842;m2;190353;0;
..\..\world\lordaeron\aeriepeaks\passivedoodads\bushes\aeriepeaksbush02.m2;20661.541015625;121.26493072509766;16661.560546875;0;125.83026123046875;0;;0.748046875;391673;m2;203566;0;
..\..\world\lordaeron\aeriepeaks\passivedoodads\bushes\aeriepeaksbush02.m2;20577.341796875;116.97947692871094;16696.423828125;0;244.6619873046875;0;;0.771484375;391671;m2;203566;0;
..\..\world\lordaeron\aeriepeaks\passivedoodads\bushes\aeriepeaksbush01.m2;20660.75390625;126.1498794555664;16881.876953125;0;118.44719696044922;0;;0.7724609375;390467;m2;203565;0;
..\..\world\lordaeron\aeriepeaks\passivedoodads\bushes\aeriepeaksbush02.m2;20680.1953125;119.36444854736328;16613.154296875;0;0;0;;1;365002;m2;203566;0;
..\..\world\lordaeron\aeriepeaks\passivedoodads\bushes\aeriepeaksbush02.m2;20705.404296875;120.21383666992188;16599.15234375;0;0;0;;1;365004;m2;203566;0;
..\..\world\lordaeron\aeriepeaks\passivedoodads\bushes\aeriepeaksbush02.m2;20682.607421875;118.58638763427734;16585.48046875;0;0;0;;1;365007;m2;203566;0;
..\..\world\lordaeron\aeriepeaks\passivedoodads\bushes\aeriepeaksbush02.m2;20682.27734375;119.29952239990234;16611.220703125;0;0;0;;1;365008;m2;203566;0;
..\..\world\lordaeron\aeriepeaks\passivedoodads\bushes\aeriepeaksbush02.m2;20702.712890625;119.77057647705078;16596.845703125;0;0;0;;1;365009;m2;203566;0;
..\..\world\lordaeron\aeriepeaks\passivedoodads\bushes\aeriepeaksbush01.m2;20379.74609375;116.92925262451172;17034.267578125;0;124.1273193359375;0;;0.7451171875;390529;m2;203565;0;
..\..\world\lordaeron\aeriepeaks\passivedoodads\bushes\aeriepeaksbush01.m2;20578.619140625;117.13347625732422;16702.451171875;0;152.4619140625;0;;0.7578125;391665;m2;203565;0;
..\..\world\lordaeron\aeriepeaks\passivedoodads\bushes\aeriepeaksbush01.m2;20683.755859375;118.39568328857422;16588.306640625;0;0;0;;1;365001;m2;203565;0;
..\..\world\lordaeron\aeriepeaks\passivedoodads\bushes\aeriepeaksbush02.m2;20285.80078125;114.93824768066406;16781.03125;0;85.01480102539062;0;;0.9091796875;391621;m2;203566;0;
..\..\world\lordaeron\aeriepeaks\passivedoodads\bushes\aeriepeaksbush02.m2;20658.263671875;122.00064849853516;16659.55078125;0;275.9080810546875;0;;0.8935546875;391676;m2;203566;0;
..\..\world\lordaeron\aeriepeaks\passivedoodads\bushes\aeriepeaksbush02.m2;20663.5625;126.23684692382812;16880.970703125;0;271.0739440917969;0;;0.9560546875;390476;m2;203566;0;
..\..\world\lordaeron\aeriepeaks\passivedoodads\bushes\aeriepeaksbush01.m2;20361.123046875;115.16133880615234;16727.2109375;0;47.022918701171875;0;;0.71875;391642;m2;203565;0;
..\..\world\lordaeron\aeriepeaks\passivedoodads\bushes\aeriepeaksbush02.m2;20489.982421875;130.83653259277344;16808.20703125;0;198.0345916748047;0;;0.779296875;391694;m2;203566;0;
..\..\world\lordaeron\aeriepeaks\passivedoodads\bushes\aeriepeaksbush02.m2;20380.994140625;116.92925262451172;17034.07421875;0;287.2572937011719;0;;0.78125;390520;m2;203566;0;
..\..\world\lordaeron\aeriepeaks\passivedoodads\bushes\aeriepeaksbush01.m2;20664.2265625;126.20770263671875;16878.912109375;0;28.0269775390625;0;;0.73828125;390465;m2;203565;0;
..\..\world\lordaeron\aeriepeaks\passivedoodads\bushes\aeriepeaksbush02.m2;20377.818359375;116.92925262451172;17031.720703125;0;233.86212158203125;0;;0.7021484375;390514;m2;203566;0;
..\..\world\lordaeron\aeriepeaks\passivedoodads\bushes\aeriepeaksbush01.m2;20559.583984375;118.45974731445312;16737.55859375;0;271.974853515625;0;;0.947265625;391660;m2;203565;0;
..\..\world\lordaeron\aeriepeaks\passivedoodads\bushes\aeriepeaksbush02.m2;20539.130859375;130.8301544189453;16760.60546875;0;238.82809448242188;0;;0.7119140625;391652;m2;203566;0;
..\..\world\lordaeron\aeriepeaks\passivedoodads\bushes\aeriepeaksbush02.m2;20472.28515625;119.6204605102539;16737.693359375;0;272.0517578125;0;;0.92578125;391649;m2;203566;0;
..\..\world\lordaeron\aeriepeaks\passivedoodads\bushes\aeriepeaksbush01.m2;20377.953125;116.92925262451172;17036.982421875;0;302.12225341796875;0;;0.7109375;390533;m2;203565;0;
..\..\world\azeroth\stranglethorn\passivedoodads\ruins\stranglethornruins08.m2;20588.81640625;108.40634155273438;16951.78125;0;351;0;;0.759765625;362838;m2;190278;0;
..\..\world\generic\troll\passivedoodads\tikimasks\troll_tikimask01.m2;20568.662109375;109.88482666015625;16947.96875;-10;316;-8.499999046325684;;1;362792;m2;200633;0;
..\..\world\lordaeron\aeriepeaks\passivedoodads\bushes\aeriepeaksbush02.m2;20369.18359375;115.94973754882812;16729.603515625;0;208.76858520507812;0;;0.697265625;391644;m2;203566;0;
..\..\world\lordaeron\aeriepeaks\passivedoodads\bushes\aeriepeaksbush02.m2;20379.716796875;116.92925262451172;17032.955078125;0;112.45947265625;0;;0.72265625;390524;m2;203566;0;
..\..\world\lordaeron\aeriepeaks\passivedoodads\bushes\aeriepeaksbush01.m2;20377.73828125;117.12151336669922;17040.4453125;0;215.65721130371094;0;;0.693359375;390532;m2;203565;0;
..\..\world\lordaeron\aeriepeaks\passivedoodads\bushes\aeriepeaksbush01.m2;20666.009765625;121.0470962524414;16656.861328125;0;75.07186889648438;0;;0.7822265625;391678;m2;203565;0;
..\..\world\lordaeron\aeriepeaks\passivedoodads\bushes\aeriepeaksbush01.m2;20557.78125;118.46558380126953;16737.658203125;0;246.87033081054688;0;;0.73046875;391659;m2;203565;0;
..\..\world\lordaeron\aeriepeaks\passivedoodads\bushes\aeriepeaksbush02.m2;20292.294921875;115.5506362915039;16776.193359375;0;81.26834106445312;0;;0.8154296875;391625;m2;203566;0;
..\..\world\lordaeron\aeriepeaks\passivedoodads\bushes\aeriepeaksbush01.m2;20378.03125;116.92925262451172;17037.298828125;0;81.45513916015625;0;;0.8330078125;390534;m2;203565;0;
..\..\world\generic\orc\passivedoodads\weapons\orcspear01.m2;20421.130859375;119.69171905517578;16610.21484375;-79.5;2.5;19;;1;182232;m2;199436;0;
..\..\world\lordaeron\aeriepeaks\passivedoodads\bushes\aeriepeaksbush02.m2;20662.75390625;126.15931701660156;16880.48046875;0;217.6897430419922;0;;0.666015625;390475;m2;203566;0;
..\..\world\lordaeron\aeriepeaks\passivedoodads\bushes\aeriepeaksbush01.m2;20522.603515625;117.68916320800781;16714.3125;0;209.2739715576172;0;;0.6904296875;391689;m2;203565;0;
..\..\world\lordaeron\aeriepeaks\passivedoodads\bushes\aeriepeaksbush01.m2;20558.693359375;118.51277923583984;16737.7109375;0;130.86215209960938;0;;0.669921875;391663;m2;203565;0;
..\..\world\lordaeron\aeriepeaks\passivedoodads\bushes\aeriepeaksbush02.m2;20377.572265625;116.92925262451172;17036.45703125;0;46.00115966796875;0;;0.6552734375;390516;m2;203566;0;
..\..\world\lordaeron\aeriepeaks\passivedoodads\bushes\aeriepeaksbush02.m2;20555.029296875;118.33991241455078;16737.287109375;0;199.62767028808594;0;;0.7158203125;391655;m2;203566;0;
..\..\world\lordaeron\aeriepeaks\passivedoodads\bushes\aeriepeaksbush01.m2;20704.96875;120.01255798339844;16595.849609375;0;0;0;;0.9091796875;365005;m2;203565;0;
..\..\world\lordaeron\aeriepeaks\passivedoodads\bushes\aeriepeaksbush01.m2;20620.66015625;118.21439361572266;16703.611328125;0;30.04852294921875;0;;0.6767578125;391682;m2;203565;0;
..\..\world\lordaeron\aeriepeaks\passivedoodads\bushes\aeriepeaksbush02.m2;20699.0625;120.42489624023438;16614.380859375;0;0;0;;0.8896484375;365003;m2;203566;0;
..\..\world\generic\passivedoodads\misc\wheelbarrow\caveminewheelbarrow01.m2;20557.134765625;107.51747131347656;16943.916015625;2;0;-97.50000762939453;;1;365192;m2;199886;0;
..\..\world\lordaeron\aeriepeaks\passivedoodads\bushes\aeriepeaksbush02.m2;20659.595703125;126.1076431274414;16879.357421875;0;254.20941162109375;0;;0.7197265625;390473;m2;203566;0;
..\..\world\generic\troll\passivedoodads\tikimasks\troll_tikimask02.m2;20551.576171875;109.82111358642578;16943.5859375;0;314.5;0;;1;362796;m2;200634;0;
..\..\world\lordaeron\aeriepeaks\passivedoodads\bushes\aeriepeaksbush02.m2;20658.923828125;126.12830352783203;16881.609375;0;114.64584350585938;0;;0.6669921875;390472;m2;203566;0;
..\..\world\lordaeron\aeriepeaks\passivedoodads\bushes\aeriepeaksbush01.m2;20562.958984375;118.6778335571289;16737.212890625;0;35.146331787109375;0;;0.6494140625;391664;m2;203565;0;
..\..\world\lordaeron\aeriepeaks\passivedoodads\bushes\aeriepeaksbush01.m2;20357.146484375;111.48309326171875;16810.1796875;0;8.53662109375;0;;0.7783203125;391641;m2;203565;0;
..\..\world\lordaeron\aeriepeaks\passivedoodads\bushes\aeriepeaksbush01.m2;20617.837890625;118.00924682617188;16700.166015625;0;332.6871337890625;0;;0.66015625;391685;m2;203565;0;
..\..\world\lordaeron\aeriepeaks\passivedoodads\bushes\aeriepeaksbush02.m2;20517.8984375;117.05915069580078;16711.9140625;0;119.666748046875;0;;0.6357421875;391690;m2;203566;0;
..\..\world\generic\orc\passivedoodads\weapons\orcspear01.m2;20422.466796875;119.85405731201172;16610.33984375;-74;2.5;28.000003814697266;;1;182231;m2;199436;0;
..\..\world\lordaeron\aeriepeaks\passivedoodads\bushes\aeriepeaksbush02.m2;20379.599609375;116.92925262451172;17035.3828125;0;202.5501251220703;0;;0.65234375;390519;m2;203566;0;
..\..\world\lordaeron\aeriepeaks\passivedoodads\bushes\aeriepeaksbush02.m2;20490.697265625;131.2472381591797;16805.439453125;0;353.73760986328125;0;;0.7646484375;391692;m2;203566;0;
..\..\world\lordaeron\aeriepeaks\passivedoodads\bushes\aeriepeaksbush02.m2;20578.478515625;116.98417663574219;16696.955078125;0;315.4710388183594;0;;0.60546875;391672;m2;203566;0;
..\..\world\lordaeron\aeriepeaks\passivedoodads\bushes\aeriepeaksbush02.m2;20559.0546875;118.2614517211914;16737.173828125;0;187.43247985839844;0;;0.7470703125;391657;m2;203566;0;
..\..\world\lordaeron\aeriepeaks\passivedoodads\bushes\aeriepeaksbush01.m2;20617.58984375;117.78856658935547;16707.4921875;0;157.93328857421875;0;;0.66015625;391681;m2;203565;0;
..\..\world\lordaeron\aeriepeaks\passivedoodads\bushes\aeriepeaksbush02.m2;20576.3046875;116.97590637207031;16696.421875;0;124.13831329345703;0;;0.609375;391670;m2;203566;0;
..\..\world\lordaeron\aeriepeaks\passivedoodads\bushes\aeriepeaksbush02.m2;20378.73828125;116.92925262451172;17036.4765625;0;271.2057800292969;0;;0.810546875;390527;m2;203566;0;
..\..\world\lordaeron\aeriepeaks\passivedoodads\bushes\aeriepeaksbush01.m2;20377.779296875;116.92925262451172;17034.587890625;0;109.92156982421875;0;;0.66796875;390536;m2;203565;0;
..\..\world\azeroth\elwynn\passivedoodads\skeleton\battlegladebskeletonhumandark.m2;20567.333984375;107.95951843261719;16960.474609375;0;0;0;;1.869140625;365191;m2;189894;0;
..\..\world\lordaeron\aeriepeaks\passivedoodads\bushes\aeriepeaksbush02.m2;20556.974609375;118.28414154052734;16737.447265625;0;139.6734619140625;0;;0.5986328125;391656;m2;203566;0;
..\..\world\lordaeron\aeriepeaks\passivedoodads\bushes\aeriepeaksbush02.m2;20283.669921875;114.66385650634766;16779.376953125;0;106.95516967773438;0;;0.6640625;391624;m2;203566;0;
..\..\world\generic\troll\passivedoodads\tikimasks\troll_tikimask01.m2;20552.0703125;109.9300308227539;16940.736328125;0;226.5;0;;1;362795;m2;200633;0;
..\..\world\generic\orc\passivedoodads\weapons\orcspear01.m2;20422.15234375;121.0943832397461;16608.169921875;-53.999996185302734;157.5;-172;;1;182233;m2;199436;0;
..\..\world\lordaeron\aeriepeaks\passivedoodads\bushes\aeriepeaksbush02.m2;20290.87890625;115.3355712890625;16775.623046875;0;32.67431640625;0;;0.5849609375;391626;m2;203566;0;
..\..\world\lordaeron\aeriepeaks\passivedoodads\bushes\aeriepeaksbush02.m2;20379.6953125;116.92925262451172;17031.6171875;0;339.08135986328125;0;;0.603515625;390525;m2;203566;0;
..\..\world\lordaeron\aeriepeaks\passivedoodads\bushes\aeriepeaksbush02.m2;20378.31640625;116.92925262451172;17030.4140625;0;198.92453002929688;0;;0.6103515625;390521;m2;203566;0;
..\..\world\lordaeron\aeriepeaks\passivedoodads\bushes\aeriepeaksbush02.m2;20364.732421875;112.5651626586914;16811.4140625;0;176.7314453125;0;;0.7255859375;391629;m2;203566;0;
..\..\world\lordaeron\aeriepeaks\passivedoodads\bushes\aeriepeaksbush02.m2;20379.044921875;116.93016052246094;17027.091796875;0;282.7417907714844;0;;0.6435546875;390522;m2;203566;0;
..\..\world\lordaeron\aeriepeaks\passivedoodads\bushes\aeriepeaksbush02.m2;20362.30859375;111.69892120361328;16819.60546875;0;236.2681884765625;0;;0.552734375;391636;m2;203566;0;
..\..\world\lordaeron\aeriepeaks\passivedoodads\bushes\aeriepeaksbush02.m2;20363.919921875;112.48043823242188;16811.853515625;0;122.21563720703125;0;;0.5546875;391630;m2;203566;0;
..\..\world\azeroth\theblastedlands\passivedoodads\bones\blastedlandsbonepile02.m2;20525.861328125;107.68760681152344;16920.669921875;0;0;0;;2.1591796875;365184;m2;190437;0;
..\..\world\lordaeron\aeriepeaks\passivedoodads\bushes\aeriepeaksbush02.m2;20659.703125;121.7571029663086;16660.01953125;0;180.0823974609375;0;;0.748046875;391674;m2;203566;0;
..\..\world\lordaeron\aeriepeaks\passivedoodads\bushes\aeriepeaksbush01.m2;20620.982421875;118.25047302246094;16703.06640625;0;324.4910888671875;0;;0.55859375;391683;m2;203565;0;
..\..\world\generic\orc\passivedoodads\feedingtroughs\feedtroph01.m2;20576.90625;108.19261932373047;16957.63671875;0;332.5;0;;1;362837;m2;199153;0;
..\..\world\lordaeron\aeriepeaks\passivedoodads\bushes\aeriepeaksbush01.m2;20521.94921875;117.83785247802734;16715.490234375;0;313.0539855957031;0;;0.5419921875;391688;m2;203565;0;
..\..\world\azeroth\stranglethorn\passivedoodads\trolldrum\trolldungeondrum03.m2;20393.5546875;119.15603637695312;16602.287109375;0.5000017881393433;74.5;38.499996185302734;;1;182250;m2;190332;0;
..\..\world\generic\human\passivedoodads\tables\inntabletiny.m2;20511.048828125;107.08271789550781;16956.349609375;-31.5;0;31.5;;1;365186;m2;198605;0;
..\..\world\generic\orc\passivedoodads\feedingtroughs\feedtroph01.m2;20386.73828125;120.37124633789062;16627.361328125;35.99999237060547;359;-16.499998092651367;;1;182238;m2;199153;0;
..\..\world\lordaeron\aeriepeaks\passivedoodads\bushes\aeriepeaksbush02.m2;20663.1953125;126.07904815673828;16877.421875;0;302.6935729980469;0;;0.5263671875;390477;m2;203566;0;
..\..\world\lordaeron\aeriepeaks\passivedoodads\bushes\aeriepeaksbush02.m2;20364.28125;111.44670867919922;16820.23828125;0;77.21429443359375;0;;0.6015625;391632;m2;203566;0;
..\..\world\azeroth\elwynn\passivedoodads\battlegladepolearmskull\battlegladepolearmskull.m2;20420.4921875;119.816650390625;16609.576171875;-1.000005841255188;56.5;90.99999237060547;;1.419921875;182239;m2;189674;0;
..\..\world\lordaeron\aeriepeaks\passivedoodads\bushes\aeriepeaksbush02.m2;20552.98828125;118.33394622802734;16736.916015625;0;312.6914367675781;0;;0.5166015625;391654;m2;203566;0;
..\..\world\lordaeron\aeriepeaks\passivedoodads\bushes\aeriepeaksbush02.m2;20539.77734375;131.11752319335938;16761.35546875;0;130.10406494140625;0;;0.509765625;391651;m2;203566;0;
..\..\world\generic\orc\passivedoodads\weapons\orcspear01.m2;20392.701171875;120.23351287841797;16611.720703125;42;358.5;-22.500003814697266;;1;234495;m2;199436;0;
..\..\world\lordaeron\aeriepeaks\passivedoodads\bushes\aeriepeaksbush01.m2;20704.59375;120.10002899169922;16595.2109375;0;352;0;;0.6298828125;365006;m2;203565;0;
..\..\world\generic\human\passivedoodads\tables\inntabletiny.m2;20694.712890625;118.40543365478516;16589.876953125;0;27;0;;1;365014;m2;198605;0;
..\..\world\lordaeron\aeriepeaks\passivedoodads\bushes\aeriepeaksbush02.m2;20518.60546875;117.06419372558594;16711.2734375;0;85.03677368164062;0;;0.623046875;391691;m2;203566;0;
..\..\world\generic\troll\passivedoodads\trollskullpile\trollskullpile.m2;20568.9609375;108.46128845214844;16972.205078125;0;14.5;0;;1.1591796875;362845;m2;200638;0;
..\..\world\lordaeron\aeriepeaks\passivedoodads\bushes\aeriepeaksbush02.m2;20379.78515625;116.92925262451172;17034.814453125;0;3.9222412109375;0;;0.623046875;390526;m2;203566;0;
..\..\world\lordaeron\aeriepeaks\passivedoodads\bushes\aeriepeaksbush01.m2;20660.92578125;126.12640380859375;16881.01953125;0;198.13348388671875;0;;0.5400390625;390466;m2;203565;0;
..\..\world\lordaeron\aeriepeaks\passivedoodads\bushes\aeriepeaksbush02.m2;20538.89453125;130.6912078857422;16760.259765625;0;167.42578125;0;;0.552734375;391653;m2;203566;0;
..\..\world\lordaeron\aeriepeaks\passivedoodads\bushes\aeriepeaksbush01.m2;20616.806640625;117.88170623779297;16701.224609375;0;90.54107666015625;0;;0.654296875;391687;m2;203565;0;
..\..\world\lordaeron\aeriepeaks\passivedoodads\bushes\aeriepeaksbush01.m2;20361.509765625;111.9825210571289;16817.220703125;0;80.48828125;0;;0.5732421875;391639;m2;203565;0;
..\..\world\generic\passivedoodads\barrel\brokenbarrel02.m2;20698.02734375;120.3823471069336;16611.7734375;0;0;0;;1.26953125;364994;m2;199567;0;
..\..\world\lordaeron\aeriepeaks\passivedoodads\bushes\aeriepeaksbush02.m2;20286.626953125;115.03246307373047;16780.61328125;0;353.48486328125;0;;0.57421875;391622;m2;203566;0;
..\..\world\lordaeron\aeriepeaks\passivedoodads\bushes\aeriepeaksbush01.m2;20661.318359375;126.162109375;16881.90234375;0;179.0386962890625;0;;0.62109375;390468;m2;203565;0;
..\..\world\lordaeron\aeriepeaks\passivedoodads\bushes\aeriepeaksbush02.m2;20285.326171875;114.86966705322266;16780.07421875;0;281.77496337890625;0;;0.525390625;391623;m2;203566;0;
..\..\world\lordaeron\aeriepeaks\passivedoodads\bushes\aeriepeaksbush01.m2;20665.49609375;121.08927154541016;16658.169921875;0;269.3160705566406;0;;0.6162109375;391677;m2;203565;0;
..\..\world\lordaeron\aeriepeaks\passivedoodads\bushes\aeriepeaksbush02.m2;20380.408203125;116.92925262451172;17032.560546875;0;76.4891357421875;0;;0.50390625;390523;m2;203566;0;
..\..\world\generic\human\passivedoodads\tables\inntabletiny.m2;20508.1484375;107.07874298095703;16955.005859375;-2;0;-13.500000953674316;;1;365187;m2;198605;0;
..\..\world\azeroth\stranglethorn\passivedoodads\trolldrum\trolldungeondrum03.m2;20579.19140625;108.44080352783203;16965.869140625;0;248.5;0;;1;362853;m2;190332;0;
..\..\world\generic\human\passivedoodads\ropes\cavekoboldropecoil.m2;20578.59765625;108.39478302001953;16958.630859375;0;16;0;;1.279296875;362855;m2;198422;0;
..\..\world\lordaeron\aeriepeaks\passivedoodads\bushes\aeriepeaksbush01.m2;20378.451171875;116.93756866455078;17038.279296875;0;172.1719970703125;0;;0.537109375;390535;m2;203565;0;
..\..\world\lordaeron\aeriepeaks\passivedoodads\bushes\aeriepeaksbush01.m2;20664.912109375;121.28485870361328;16652.68359375;0;4.2628173828125;0;;0.5390625;391680;m2;203565;0;
..\..\world\lordaeron\aeriepeaks\passivedoodads\bushes\aeriepeaksbush02.m2;20362.732421875;112.31265258789062;16811.8671875;0;176.302978515625;0;;0.5087890625;391631;m2;203566;0;
..\..\world\azeroth\westfall\passivedoodads\westfallskeleton\westfallskeleton.m2;20553.95703125;107.19442749023438;16952.40625;0;0;0;;1;365180;m2;190671;0;
..\..\world\generic\ogre\passivedoodads\ogrebackpacks\ogrebackpack02.m2;20701.560546875;119.69851684570312;16597.748046875;0;270.5;0;;1;365032;m2;198990;0;
..\..\world\generic\ogre\passivedoodads\ogrebackpacks\ogrebackpack02.m2;20682.21875;118.37703704833984;16588.845703125;0;0;0;;1;365033;m2;198990;0;
..\..\world\azeroth\stranglethorn\passivedoodads\trolldungeonpottery\trolldungeonpottery01.m2;20388.83203125;120.79544067382812;16613.162109375;24.000001907348633;71.5;8.499999046325684;;1;234469;m2;190341;0;
..\..\world\azeroth\stranglethorn\passivedoodads\trolldungeonpottery\trolldungeonpottery01.m2;20411.861328125;119.01091766357422;16603.57421875;24.000001907348633;344.5;8.5;;1;182243;m2;190341;0;
..\..\world\azeroth\elwynn\passivedoodads\battlegladepolearmskull\battlegladepolearmskull.m2;20388.267578125;121.06036376953125;16611.703125;-18;0;4.999999046325684;;1;234494;m2;189674;0;
..\..\world\generic\ogre\passivedoodads\ogrebackpacks\ogrebackpack01.m2;20700.61328125;120.4832534790039;16607.53125;0;321;0;;1;365031;m2;198989;0;
..\..\world\azeroth\westfall\passivedoodads\barrel\westfallbarrel01.m2;20382.576171875;120.06297302246094;16627.60546875;18.5;0;52.999996185302734;;1;234493;m2;190535;0;
..\..\world\generic\troll\passivedoodads\trollskullpile\trollskullpile.m2;20549.93359375;107.2007827758789;16942.337890625;0;0;0;;1;362797;m2;200638;0;
..\..\world\generic\troll\passivedoodads\trollskullpile\trollskullpile.m2;20568.36328125;108.33614349365234;16970.892578125;0;0;0;;1;362816;m2;200638;0;
..\..\world\generic\troll\passivedoodads\trollskullpile\trollskullpile.m2;20551.87109375;111.69268798828125;16974.75;0;0;0;;1;362844;m2;200638;0;
..\..\world\azeroth\stranglethorn\passivedoodads\trolldungeonpottery\trolldungeonpottery01.m2;20402.517578125;119.70037078857422;16609.650390625;15.000000953674316;176;29;;1.0595703125;234471;m2;190341;0;
..\..\world\azeroth\stranglethorn\passivedoodads\trolldungeonpottery\trolldungeonpottery01.m2;20388.41796875;120.6273193359375;16614.5390625;14.999999046325684;87;28.999996185302734;;1.0595703125;234468;m2;190341;0;
..\..\world\azeroth\stranglethorn\passivedoodads\trolldungeonpottery\trolldungeonpottery01.m2;20388.99609375;120.45938110351562;16630.16015625;14.999999046325684;87;28.999996185302734;;1.0595703125;234470;m2;190341;0;
..\..\world\azeroth\westfall\passivedoodads\crate\westfallcrate.m2;20696.71875;120.24954223632812;16611.873046875;0;0;0;;1;364996;m2;190543;0;
..\..\world\azeroth\elwynn\passivedoodads\skeleton\battlegladebskeletonhumandark.m2;20405.74609375;120.23049926757812;16595.189453125;8.500000953674316;0;6.000000476837158;;1;234492;m2;189894;0;
..\..\world\azeroth\theblastedlands\passivedoodads\bones\blastedlandsbonepile02.m2;20398.279296875;119.6955337524414;16594.380859375;37.999996185302734;291;42;;1;234486;m2;190437;0;
..\..\world\azeroth\elwynn\passivedoodads\skeleton\battlegladebskeletonhumandark.m2;20397.892578125;119.61415100097656;16623.982421875;0;0;0;;1;234491;m2;189894;0;
..\..\world\azeroth\stranglethorn\passivedoodads\trolldungeonpottery\trolldungeonpottery01.m2;20410.46484375;119.38082122802734;16603.232421875;0;0;0;;1.0595703125;182244;m2;190341;0;
..\..\world\azeroth\stranglethorn\passivedoodads\trolldungeonpottery\trolldungeonpottery02.m2;20390.068359375;120.3878173828125;16603.4140625;16.000001907348633;0;53.000003814697266;;1;234496;m2;190342;0;
..\..\world\generic\human\passivedoodads\lanterns\generallantern01.m2;20702.388671875;123.58074188232422;16599.169921875;0;7.5;0;;1;365022;m2;198327;0;
..\..\world\generic\human\passivedoodads\lanterns\generallantern01.m2;20701.5859375;123.95095825195312;16605.40625;0;2.5;0;;1;365023;m2;198327;0;
..\..\world\azeroth\stranglethorn\passivedoodads\trolldungeonpottery\trolldungeonpottery02.m2;20410.669921875;119.00051879882812;16601.533203125;-8.5;0;35.999996185302734;;1;182245;m2;190342;0;
..\..\world\generic\orc\passivedoodads\bowls\bowlwood01.m2;20510.171875;109.14842224121094;16906.90234375;11.5;0;-41.499996185302734;;2.4794921875;365193;m2;199121;0;
..\..\world\azeroth\theblastedlands\passivedoodads\bones\blastedlandsbonepile02.m2;20549.876953125;111.66268920898438;16972.421875;5;356.5;19.999998092651367;;1;362827;m2;190437;0;
..\..\world\azeroth\westfall\passivedoodads\barrel\westfallbarrel01.m2;20584.96484375;108.81726837158203;16957.830078125;0;0;0;;1.3095703125;362847;m2;190535;0;
..\..\world\azeroth\theblastedlands\passivedoodads\bones\blastedlandsbonepile02.m2;20400.87890625;119.53553771972656;16625.490234375;0;81.5;0;;1;234488;m2;190437;0;
..\..\world\azeroth\theblastedlands\passivedoodads\bones\blastedlandsbonepile02.m2;20398.560546875;119.36583709716797;16593.962890625;-23.499998092651367;0;-16.999998092651367;;1;234485;m2;190437;0;
..\..\world\generic\human\passivedoodads\ropes\cavekoboldropecoil.m2;20694.673828125;119.52855682373047;16589.869140625;0;0;0;;1;365015;m2;198422;0;
..\..\world\generic\human\passivedoodads\ropes\cavekoboldropecoil.m2;20510.322265625;107.44817352294922;16953.6953125;0;0;0;;1;365188;m2;198422;0;
..\..\world\azeroth\stranglethorn\passivedoodads\trolldungeonpottery\trolldungeonpottery02.m2;20408.966796875;118.98320770263672;16621.0546875;1.0000001192092896;0;68.00001525878906;;1;234497;m2;190342;0;
..\..\world\azeroth\elwynn\passivedoodads\jars\jar02.m2;20422.8671875;119.03489685058594;16602.578125;38.499996185302734;325;-41.5;;1.4697265625;182242;m2;189816;0;
..\..\world\azeroth\theblastedlands\passivedoodads\bones\blastedlandsbonepile02.m2;20392.7890625;119.99099731445312;16616.525390625;0;0;0;;1.009765625;234479;m2;190437;0;
..\..\world\azeroth\westfall\passivedoodads\barrel\westfallbarrel01.m2;20695.720703125;120.14273071289062;16612.931640625;0;0;0;;1.1494140625;365025;m2;190535;0;
..\..\world\azeroth\stranglethorn\passivedoodads\trolldungeonpottery\trolldungeonpottery02.m2;20490.845703125;109.08040618896484;16928.74609375;0;0;0;;1.119140625;362841;m2;190342;0;
..\..\world\azeroth\elwynn\passivedoodads\jars\jar01.m2;20566.228515625;107.915771484375;16956.982421875;0;0;0;;1.509765625;362835;m2;189815;0;
..\..\world\generic\orc\passivedoodads\bowls\bowlwood01.m2;20393.65625;119.97366333007812;16612.900390625;12.5;28.5;-3.000000238418579;;1.619140625;182247;m2;199121;0;
..\..\world\azeroth\theblastedlands\passivedoodads\bones\blastedlandsbonepile03.m2;20392.87890625;119.88703155517578;16616.044921875;32.5;350.5;18.999998092651367;;1;234481;m2;190438;0;
..\..\world\azeroth\stranglethorn\passivedoodads\trolldungeonpottery\trolldungeonpottery02.m2;20578.896484375;108.35127258300781;16957.2578125;0;0;0;;1;362849;m2;190342;0;
..\..\world\generic\tauren\passivedoodads\rattles\taurenrattle01.m2;20552.8828125;112.38741302490234;16970.5;0.49999988079071045;199.5;-3.999999523162842;;1;362843;m2;200439;0;
..\..\world\generic\passivedoodads\furniture\containers\barrel02.m2;20686.357421875;119.55196380615234;16612.232421875;0;0;0;;1;365020;m2;199737;0;
..\..\world\azeroth\westfall\passivedoodads\barrel\westfallbarrel01.m2;20552.505859375;111.8056869506836;16974.111328125;0;0;0;;1;362833;m2;190535;0;
..\..\world\azeroth\westfall\passivedoodads\barrel\westfallbarrel01.m2;20583.95703125;108.63748931884766;16958.17578125;0;0;0;;1;362848;m2;190535;0;
..\..\world\generic\orc\passivedoodads\animalskulls\boarskull.m2;20394.759765625;120.06024932861328;16608.462890625;-4;0;36.999996185302734;;1;234462;m2;199049;0;
..\..\world\generic\orc\passivedoodads\animalskulls\boarskull.m2;20399.505859375;119.602783203125;16616.205078125;-2.5;0;64;;1;234461;m2;199049;0;
..\..\world\azeroth\elwynn\passivedoodads\jars\jar01.m2;20577.0625;108.21375274658203;16955.396484375;0;0;0;;1.2998046875;362851;m2;189815;0;
..\..\world\azeroth\theblastedlands\passivedoodads\bones\blastedlandsbonepile03.m2;20400.6484375;119.57888793945312;16625.814453125;30.000001907348633;0;16.000001907348633;;1;234489;m2;190438;0;
..\..\world\azeroth\theblastedlands\passivedoodads\bones\blastedlandsbonepile03.m2;20400.84375;119.65921020507812;16625.611328125;-4;285;172.5;;1;234490;m2;190438;0;
..\..\world\azeroth\westfall\passivedoodads\barrel\westfallbarrel01.m2;20694.759765625;120.12217712402344;16613.017578125;0;0;0;;0.919921875;365026;m2;190535;0;
..\..\world\generic\orc\passivedoodads\jars\jarorc05.m2;20398.759765625;119.71534729003906;16589.59765625;-26.500003814697266;0;-70.00001525878906;;1;182252;m2;199183;0;
..\..\world\generic\passivedoodads\lights\candle01.m2;20538.00390625;112.89317321777344;16982.11328125;0;0;0;;1;362856;m2;199806;0;
..\..\world\generic\passivedoodads\lights\candle01.m2;20690.455078125;120.64048767089844;16612.6484375;0;0;0;;1;365030;m2;199806;0;
..\..\world\generic\orc\passivedoodads\jars\jarorc05.m2;20392.619140625;120.16597747802734;16613.203125;-39.5;103.5;92.99999237060547;;1;182248;m2;199183;0;
..\..\world\azeroth\theblastedlands\passivedoodads\bones\blastedlandsbonepile03.m2;20394.7109375;119.91610717773438;16609.98046875;25.500001907348633;0;14.5;;1;234482;m2;190438;0;
..\..\world\azeroth\elwynn\passivedoodads\jars\jar03.m2;20422.884765625;119.07534790039062;16602.001953125;1;0;-24;;1.259765625;182241;m2;189817;0;
..\..\world\azeroth\elwynn\passivedoodads\jugs\jug02.m2;20508.634765625;107.74601745605469;16956.4375;-83.50019836425781;0;38.50017547607422;;1;365189;m2;189821;0;
..\..\world\azeroth\theblastedlands\passivedoodads\bones\blastedlandsbonepile03.m2;20395.4375;119.8573226928711;16602.142578125;18.5;0;19.000001907348633;;1;234483;m2;190438;0;
..\..\world\azeroth\theblastedlands\passivedoodads\bones\blastedlandsbonepile03.m2;20392.40234375;120.02464294433594;16616.302734375;0;346;0;;1;234480;m2;190438;0;
..\..\world\azeroth\elwynn\passivedoodads\jars\jar01.m2;20397.068359375;119.76589965820312;16598.607421875;65.50001525878906;40.5;52;;1;182254;m2;189815;0;
..\..\world\generic\orc\passivedoodads\jars\jarorc05.m2;20423.0390625;119.77240753173828;16608.693359375;-89.49954223632812;69.99932861328125;-8.000006675720215;;1;234466;m2;199183;0;
..\..\world\azeroth\westfall\passivedoodads\barrel\westfallbarrel01.m2;20551.642578125;111.67223358154297;16973.83203125;0;0;0;;0.869140625;362834;m2;190535;0;
..\..\world\generic\orc\passivedoodads\bowls\bowlwood01.m2;20395.96484375;119.85553741455078;16611.26953125;16.5;42;-13.500000953674316;;1.359375;182246;m2;199121;0;
..\..\world\azeroth\elwynn\passivedoodads\jars\jar01.m2;20394.76953125;120.09810638427734;16609.4140625;-12.999998092651367;0;-65;;1;182249;m2;189815;0;
..\..\world\azeroth\theblastedlands\passivedoodads\bones\blastedlandsbonepile03.m2;20395.068359375;119.85440826416016;16602.517578125;0;191.5;0;;1;234484;m2;190438;0;
..\..\world\azeroth\theblastedlands\passivedoodads\bones\blastedlandsbonepile03.m2;20549.228515625;111.56768798828125;16971.30078125;-4;356.5;7.500001907348633;;1;362828;m2;190438;0;
..\..\world\azeroth\elwynn\passivedoodads\jars\jar02.m2;20422.25390625;119.0655288696289;16602.36328125;21;0;25.5;;1;182240;m2;189816;0;
..\..\world\azeroth\elwynn\passivedoodads\jugs\jug01.m2;20520.203125;109.85260009765625;16898.728515625;13.000000953674316;0;-79.5;;1;365195;m2;189820;0;
..\..\world\generic\passivedoodads\lights\candle03.m2;20537.822265625;112.93356323242188;16982.53125;0;51.5;0;;1;362857;m2;199808;0;
..\..\world\generic\passivedoodads\lights\candle03.m2;20692.505859375;119.33059692382812;16591.06640625;0;16;0;;1;364999;m2;199808;0;
..\..\world\generic\orc\passivedoodads\jars\jarorc05.m2;20396.732421875;119.92405700683594;16597.994140625;-89.49915313720703;359.9998474121094;-7.999760150909424;;1;182253;m2;199183;0;
..\..\world\generic\orc\passivedoodads\jars\jarorc05.m2;20401.701171875;119.74851989746094;16613.845703125;-89.49915313720703;359.9998474121094;-7.999760150909424;;1;234465;m2;199183;0;
..\..\world\azeroth\stranglethorn\passivedoodads\trolldungeonpottery\trolldungeonpottery02.m2;20576.37109375;108.30487060546875;16956.158203125;0;0;0;;0.75;362850;m2;190342;0;
..\..\world\azeroth\elwynn\passivedoodads\jars\jar01.m2;20511.662109375;109.21440887451172;16907.138671875;3.499999761581421;0;-86;;1;365194;m2;189815;0;
..\..\world\azeroth\theblastedlands\passivedoodads\bones\blastedlandsbonepile03.m2;20582.39453125;108.7403335571289;16961.5859375;0;0;0;;1;362846;m2;190438;0;
..\..\world\azeroth\elwynn\passivedoodads\jugs\jug02.m2;20694.978515625;119.52958679199219;16589.26171875;0;35.5;0;;1;365017;m2;189821;0;
..\..\world\generic\human\passivedoodads\meat\bloodymeat01.m2;20527.18359375;107.7790298461914;16978.787109375;0;0;0;;1;362814;m2;198343;0;
..\..\world\generic\human\passivedoodads\meat\bloodymeat01.m2;20545.7421875;107.0135269165039;16949.595703125;0;0;0;;1;365181;m2;198343;0;
..\..\world\generic\human\passivedoodads\meat\bloodymeat01.m2;20512.75;107.4645767211914;16949.376953125;0;0;0;;1;365182;m2;198343;0;
..\..\world\generic\human\passivedoodads\buckets\cavekoboldbucket.m2;20686.58984375;119.5042495727539;16611.392578125;0;0;0;;1;365028;m2;198069;0;
..\..\world\generic\orc\passivedoodads\jars\jarorc04.m2;20397.3984375;119.74671936035156;16598.013671875;33.499996185302734;0;-48;;1;182255;m2;199182;0;
..\..\world\generic\human\passivedoodads\bottles\bottle01.m2;20692.75;119.31593322753906;16590.1796875;0;0;0;;1;365000;m2;198057;0;
..\..\world\azeroth\elwynn\passivedoodads\jars\jar01.m2;20549.39453125;107.32586669921875;16941.552734375;0;0;0;;1;362800;m2;189815;0;
..\..\world\generic\orc\passivedoodads\jars\jarorc04.m2;20403.09765625;119.93850708007812;16589.46875;48;305;-50.9999885559082;;1;182251;m2;199182;0;
..\..\world\azeroth\elwynn\passivedoodads\jugs\jug01.m2;20687.78515625;120.4735336303711;16611.583984375;0;342.5;0;;1;365021;m2;189820;0;
..\..\world\generic\orc\passivedoodads\jars\jarorc04.m2;20390.05859375;120.55825805664062;16623.591796875;18.999996185302734;0;-51.99999237060547;;1;182256;m2;199182;0;
..\..\world\generic\orc\passivedoodads\jars\jarorc05.m2;20578.279296875;108.40534973144531;16966.44921875;0;0;0;;1;362854;m2;199183;0;
..\..\world\azeroth\westfall\passivedoodads\westfallchair\westfallchair.m2;20695.310546875;118.55338287353516;16591.3515625;0;0;0;;1;365016;m2;190658;0;
..\..\world\azeroth\elwynn\passivedoodads\jugs\jug02.m2;20567.39453125;108.37787628173828;16970.943359375;0;0;0;;1;362860;m2;189821;0;
..\..\world\azeroth\elwynn\passivedoodads\jugs\jug02.m2;20687.37890625;120.46066284179688;16611.958984375;0;0;0;;1;365018;m2;189821;0;
..\..\world\azeroth\theblastedlands\passivedoodads\bones\blastedlandsskull01.m2;20408.875;119.7136001586914;16608.099609375;6.999999523162842;0;57.500003814697266;;1;234487;m2;190439;0;
..\..\world\azeroth\elwynn\passivedoodads\jars\jar03.m2;20550.8515625;107.29398345947266;16943.501953125;0;0;0;;1;362802;m2;189817;0;
..\..\world\azeroth\elwynn\passivedoodads\jars\jar03.m2;20565.73828125;107.9837417602539;16957.232421875;0;0;0;;1;362836;m2;189817;0;
..\..\world\azeroth\elwynn\passivedoodads\jars\jar03.m2;20688.009765625;120.51345825195312;16611.9921875;0;0;0;;1;365019;m2;189817;0;
..\..\world\azeroth\elwynn\passivedoodads\jars\jar03.m2;20508.8125;107.68437194824219;16957.408203125;0;0;0;;1;365190;m2;189817;0;
..\..\world\azeroth\theblastedlands\passivedoodads\bones\blastedlandsskull01.m2;20549.044921875;111.41911315917969;16972.2890625;0.5;356.5;0;;1;362829;m2;190439;0;
..\..\world\azeroth\elwynn\passivedoodads\jars\jar02.m2;20575.857421875;108.23007202148438;16956.794921875;0;0;0;;1;362852;m2;189816;0;
..\..\world\azeroth\theblastedlands\passivedoodads\bones\blastedlandsskull01.m2;20687.24609375;120.4245376586914;16611.5078125;0;177.5;0;;1;365029;m2;190439;0;
..\..\world\generic\orc\passivedoodads\bowls\bowlwood01.m2;20550.33984375;107.34027099609375;16943.240234375;0;0;0;;1;362801;m2;199121;0;
..\..\world\generic\human\passivedoodads\food\breadslice.m2;20550.34765625;107.39425659179688;16943.27734375;-79.5;180;-153.5;;1.869140625;362803;m2;198218;0;
..\..\world\wmo\dungeon\md_mountaincave\md_mountaincave_medium_e.wmo;20854.58984375;122.930908203125;16602.986328125;0;245.5;0;0;1;170822;wmo;111160;0;Set_$DefaultGlobal
..\..\world\wmo\kalimdor\collidabledoodads\mulgore\taurentent01\taurentent01.wmo;20384.56640625;120.62832641601562;16621.689453125;0;98;0;0;1;177971;wmo;113303;0;Set_$DefaultGlobal
..\..\world\wmo\kalimdor\collidabledoodads\mulgore\taurentent01\taurentent01.wmo;20417.45703125;115.72196197509766;16600.443359375;-19.5;337;20.999998092651367;0;1;177972;wmo;113303;0;Set_$DefaultGlobal
..\..\world\wmo\kalimdor\collidabledoodads\mulgore\taurentent01\taurentent01.wmo;20392.326171875;120.07231903076172;16595.267578125;0;29.5;0;0;1;177973;wmo;113303;0;Set_$DefaultGlobal
..\..\world\wmo\azeroth\buildings\worldtree\worldtree.wmo;21025.45703125;115.03117370605469;16142.33984375;0;19;0;0;1;188251;wmo;108071;0;Set_$DefaultGlobal
..\..\world\wmo\azeroth\collidabledoodads\stranglethorn\strangleruinstair\strangleruinstair.wmo;20509.65234375;110.332763671875;16895.087890625;0;220.5;0;0;1;362810;wmo;108159;0;Set_$DefaultGlobal
..\..\world\wmo\kalimdor\buildings\trollhut\trolltent.wmo;20567.349609375;107.44393920898438;16964.435546875;0;7.5;0;0;1;362815;wmo;113212;0;Set_$DefaultGlobal
