ModelFile;PositionX;PositionY;PositionZ;RotationX;RotationY;RotationZ;RotationW;ScaleFactor;ModelId;Type;FileDataID;DoodadSetIndexes;DoodadSetNames
..\..\world\generic\quilboar\passivedoodads\thorncanopies\razorfen_canopy02.m2;19584.02734375;118.90872955322266;21849.974609375;0;249.00003051757812;0;;0.7890625;374944;m2;200344;0;
..\..\world\generic\quilboar\passivedoodads\thorncanopies\razorfen_canopy02.m2;19208.169921875;129.0058135986328;21614.90625;0;21;0;;0.44921875;374738;m2;200344;0;
..\..\world\generic\quilboar\passivedoodads\thorncanopies\razorfen_canopy02.m2;19294.42578125;131.5406951904297;21542.77734375;0;200.49998474121094;0;;0.4091796875;374737;m2;200344;0;
..\..\world\generic\quilboar\passivedoodads\thorncanopies\razorfen_canopy01_hole.m2;19026.736328125;130.38385009765625;21373.078125;0;338.5;0;;0.33984375;374684;m2;200343;0;
..\..\world\generic\quilboar\passivedoodads\thorncanopies\razorfen_canopy01_hole.m2;19041.017578125;119.98953247070312;21578.95703125;0;5;0;;0.33984375;374736;m2;200343;0;
..\..\world\kalimdor\thousandneedles\passivedoodads\bridge\thousandneedlesbridge.m2;18913.46484375;61.35342025756836;21910.275390625;15.499999046325684;352.5;-3;;1;475251;m2;202693;0;
..\..\world\kalimdor\thousandneedles\passivedoodads\bridge\thousandneedlesbridge.m2;18990.1796875;82.76832580566406;21903.73828125;0;43;0;;1.0595703125;475081;m2;202693;0;
..\..\world\kalimdor\mulgore\passivedoodads\thorns\mullgorethorn02.m2;19128.87109375;107.58891296386719;21735.80078125;29.499998092651367;270;56.5;;1.69921875;374865;m2;202306;0;
..\..\world\kalimdor\mulgore\passivedoodads\thorns\mullgorethorn04.m2;19203.71875;105.71250915527344;21574.21484375;44.999996185302734;285.5;-10.500000953674316;;1;374725;m2;202308;0;
..\..\world\kalimdor\mulgore\passivedoodads\thorns\mullgorethorn04.m2;19042.892578125;99.92890167236328;21450.48828125;29;11;-2.499999523162842;;1;374702;m2;202308;0;
..\..\world\kalimdor\mulgore\passivedoodads\thorns\mullgorethorn04.m2;19187.392578125;120.45821380615234;21488.9375;28.0000057220459;86.5;17.000001907348633;;1;374709;m2;202308;0;
..\..\world\kalimdor\mulgore\passivedoodads\thorns\mullgorethorn02.m2;19077.001953125;97.45621490478516;21505.734375;29.499998092651367;76.5;5.499996662139893;;1.7998046875;374713;m2;202306;0;
..\..\world\kalimdor\mulgore\passivedoodads\thorns\mullgorethorn04.m2;19164.2109375;96.61255645751953;21369.677734375;-14.500001907348633;161;33;;1;374689;m2;202308;0;
..\..\world\kalimdor\mulgore\passivedoodads\thorns\mullgorethorn06.m2;19223.677734375;117.13314056396484;21581.810546875;-29;343.5;-4.500000476837158;;1.3291015625;374727;m2;202310;0;
..\..\world\kalimdor\mulgore\passivedoodads\thorns\mullgorethorn07.m2;19061.767578125;117.8868179321289;21574.96484375;37.50000762939453;204;8.500001907348633;;1.2890625;374723;m2;202311;0;
..\..\world\kalimdor\mulgore\passivedoodads\thorns\mullgorethorn05.m2;19074.763671875;111.16976165771484;21604.201171875;-16.5;339;19.999996185302734;;1;374728;m2;202309;0;
..\..\world\kalimdor\mulgore\passivedoodads\thorns\mullgorethorn02.m2;19082.3515625;97.47965240478516;21365.9609375;35;21;2.999999761581421;;1.4794921875;374678;m2;202306;0;
..\..\world\kalimdor\mulgore\passivedoodads\thorns\mullgorethorn04.m2;19183.998046875;107.3907470703125;21494.9375;27.5;82.5;67.49999237060547;;1;374710;m2;202308;0;
..\..\world\kalimdor\mulgore\passivedoodads\thorns\mullgorethorn04.m2;19090.95703125;108.50711059570312;21596.771484375;15.000000953674316;27.5;-19.999998092651367;;1;374724;m2;202308;0;
..\..\world\kalimdor\mulgore\passivedoodads\thorns\mullgorethorn02.m2;19144.02734375;100.91472625732422;21347.099609375;16.499998092651367;273.5;-21;;1.4697265625;374681;m2;202306;0;
..\..\world\kalimdor\mulgore\passivedoodads\thorns\mullgorethorn05.m2;19138.15625;139.29812622070312;21433.119140625;-17;19.5;30.000001907348633;;0.9892578125;374698;m2;202309;0;
..\..\world\kalimdor\thousandneedles\passivedoodads\rocks\thousandrock15.m2;18887.611328125;-45.08057403564453;21829.91796875;0;44.693756103515625;0;;2.9873046875;274172;m2;202731;0;
..\..\world\kalimdor\thousandneedles\passivedoodads\rocks\thousandrock01.m2;19015.15625;-46.187007904052734;21850.708984375;0;296.8157043457031;0;;0.62890625;274231;m2;202716;0;
..\..\world\kalimdor\mulgore\passivedoodads\thorns\mullgorethorn05.m2;19192.005859375;101.45440673828125;21748.072265625;-8;347;23.500001907348633;;1;374867;m2;202309;0;
..\..\world\kalimdor\mulgore\passivedoodads\thorns\mullgorethorn07.m2;19204.564453125;118.49756622314453;21501.490234375;-17.000001907348633;78.5;15.999998092651367;;1.3095703125;374715;m2;202311;0;
..\..\world\critter\birds\bird02.m2;18811.787109375;72.4141845703125;21714.181640625;0;18.67608642578125;0;;1.0283203125;273338;m2;190720;0;
..\..\world\kalimdor\mulgore\passivedoodads\thorns\mullgorethorn01.m2;19054.9765625;102.34124755859375;21470.794921875;-24.5;108;-13.5;;0.919921875;374705;m2;202305;0;
..\..\world\kalimdor\mulgore\passivedoodads\thorns\mullgorethorn02.m2;19110.576171875;105.07776641845703;21634.693359375;36.5;193.5;69.50000762939453;;1.2998046875;374734;m2;202306;0;
..\..\world\kalimdor\mulgore\passivedoodads\thorns\mullgorethorn02.m2;19165.69140625;91.27876281738281;21623.375;0;45.5;0;;1.51953125;374730;m2;202306;0;
..\..\world\critter\birds\bird02.m2;18882.87109375;82.51508331298828;21762.33203125;0;178.67608642578125;0;;1.0283203125;273336;m2;190720;0;
..\..\world\critter\birds\bird02.m2;18957.71484375;93.84563446044922;21762.388671875;0;119.67608642578125;0;;1.0283203125;273337;m2;190720;0;
..\..\world\kalimdor\mulgore\passivedoodads\thorns\mullgorethorn02.m2;19139.498046875;120.39991760253906;21424.69921875;-10.99999713897705;280;81;;1.4599609375;374697;m2;202306;0;
..\..\world\kalimdor\mulgore\passivedoodads\thorns\mullgorethorn02.m2;19120.978515625;100.986572265625;21647.8828125;-16;315.5;-4;;1.26953125;374733;m2;202306;0;
..\..\world\kalimdor\mulgore\passivedoodads\thorns\mullgorethorn02.m2;19204.201171875;103.01766967773438;21572.029296875;-15.999998092651367;49.5;14.5;;1.2294921875;374726;m2;202306;0;
..\..\world\kalimdor\mulgore\passivedoodads\thorns\mullgorethorn02.m2;19218.880859375;115.02533721923828;21366.041015625;28.5;263;-15.000005722045898;;1.3095703125;374682;m2;202306;0;
..\..\world\kalimdor\mulgore\passivedoodads\thorns\mullgorethorn01.m2;19192.205078125;123.21737670898438;21458.828125;35.00000762939453;80;-36;;0.7392578125;374704;m2;202305;0;
..\..\world\critter\birds\bird02.m2;18939.75;98.441650390625;21526.474609375;0;167.1181640625;0;;0.9384765625;273339;m2;190720;0;
..\..\world\kalimdor\mulgore\passivedoodads\thorns\mullgorethorn01.m2;19117.3671875;97.79153442382812;21659.31640625;11.5;93.5;14.500001907348633;;0.8291015625;374735;m2;202305;0;
..\..\world\kalimdor\mulgore\passivedoodads\thorns\mullgorethorn05.m2;19221.375;111.28900909423828;21615.109375;40;53;45;;0.8291015625;374843;m2;202309;0;
..\..\world\kalimdor\mulgore\passivedoodads\thorns\mullgorethorn05.m2;19128.14453125;103.25244140625;21495.029296875;0;253.5;0;;0.8994140625;374707;m2;202309;0;
..\..\world\kalimdor\mulgore\passivedoodads\thorns\mullgorethorn06.m2;19190.572265625;112.88629913330078;21448.966796875;-51.5;315;13.999998092651367;;1;374703;m2;202310;0;
..\..\world\kalimdor\mulgore\passivedoodads\thorns\mullgorethorn02.m2;19051.8125;103.58963775634766;21516.505859375;0;269;0;;1.6494140625;374712;m2;202306;0;
..\..\world\kalimdor\mulgore\passivedoodads\thorns\mullgorethorn07.m2;19182.169921875;125.42183685302734;21378.509765625;15.499998092651367;13.5;-35;;1.2197265625;374691;m2;202311;0;
..\..\world\kalimdor\mulgore\passivedoodads\thorns\mullgorethorn06.m2;19211.423828125;105.33661651611328;21376.421875;19.999998092651367;280.5;-63.00000762939453;;1;374692;m2;202310;0;
..\..\world\kalimdor\mulgore\passivedoodads\thorns\mullgorethorn06.m2;18719.076171875;111.18879699707031;21531.162109375;-2.500000238418579;330.5;4;;1;272919;m2;202310;0;
..\..\world\kalimdor\mulgore\passivedoodads\thorns\mullgorethorn02.m2;18718.08984375;119.22672271728516;21563.03125;0;50.5;0;;1.2890625;272929;m2;202306;0;
..\..\world\kalimdor\mulgore\passivedoodads\thorns\mullgorethorn06.m2;19125.509765625;123.03756713867188;21424.240234375;-57;0;-12;;1;374694;m2;202310;0;
..\..\world\kalimdor\mulgore\passivedoodads\thorns\mullgorethorn07.m2;19040.716796875;131.64137268066406;21564.693359375;-21.000001907348633;37;-20;;1;374720;m2;202311;0;
..\..\world\kalimdor\mulgore\passivedoodads\thorns\mullgorethorn01.m2;18719.693359375;125.4590835571289;21583.34375;0;21;0;;0.849609375;272930;m2;202305;0;
..\..\world\kalimdor\mulgore\passivedoodads\thorns\mullgorethorn07.m2;19072.021484375;131.76760864257812;21515.203125;11.000000953674316;331;-33;;0.9892578125;374714;m2;202311;0;
..\..\world\kalimdor\mulgore\passivedoodads\thorns\mullgorethorn04.m2;19149.29296875;104.89948272705078;21715.216796875;32.5;57;-36.999996185302734;;0.609375;374866;m2;202308;0;
..\..\world\kalimdor\mulgore\passivedoodads\thorns\mullgorethorn01.m2;19065.861328125;121.84562683105469;21359.162109375;-3.0000011920928955;342;-82.00000762939453;;0.7392578125;374677;m2;202305;0;
..\..\world\kalimdor\mulgore\passivedoodads\thorns\mullgorethorn06.m2;19042.564453125;118.1435317993164;21563.4765625;-18.5;6;-18.5;;1;374719;m2;202310;0;
..\..\world\kalimdor\mulgore\passivedoodads\thorns\mullgorethorn02.m2;19058.890625;111.06743621826172;21384.015625;3.000000238418579;320;-24.5;;1;374685;m2;202306;0;
..\..\world\kalimdor\mulgore\passivedoodads\thorns\mullgorethorn05.m2;19021.62890625;93.96310424804688;21520.654296875;-8.5;358;4.500000476837158;;0.7998046875;374711;m2;202309;0;
..\..\world\kalimdor\mulgore\passivedoodads\thorns\mullgorethorn07.m2;19100.578125;123.00213623046875;21603.84765625;-9.5;226;2.499999761581421;;1.109375;374729;m2;202311;0;
..\..\world\kalimdor\mulgore\passivedoodads\thorns\mullgorethorn06.m2;19085.59765625;131.9112091064453;21484.240234375;-4.999999523162842;265;-58;;1;374706;m2;202310;0;
..\..\world\kalimdor\thousandneedles\passivedoodads\rocks\thousandrock14.m2;18776.1953125;-23.861087799072266;21685.5625;0;40.31005859375;0;;2.017578125;274175;m2;202730;0;
..\..\world\kalimdor\mulgore\passivedoodads\thorns\mullgorethorn07.m2;19164.375;112.26640319824219;21622.947265625;-12.000001907348633;313;12.500001907348633;;1;374732;m2;202311;0;
..\..\world\critter\birds\bird02.m2;18947.291015625;101.10542297363281;21545.49609375;0;183.636474609375;0;;0.751953125;273340;m2;190720;0;
..\..\world\kalimdor\mulgore\passivedoodads\thorns\mullgorethorn02.m2;18737.294921875;110.8966064453125;21574.853515625;51.999996185302734;67;-12.5;;1;272926;m2;202306;0;
..\..\world\kalimdor\mulgore\passivedoodads\thorns\mullgorethorn06.m2;18820.01953125;91.33782958984375;21527.72265625;10;0;0;;1;272916;m2;202310;0;
..\..\world\kalimdor\thousandneedles\passivedoodads\rocks\thousandrock10.m2;19016.791015625;-49.72891616821289;21785.390625;0;292.6517333984375;0;;1.41796875;274235;m2;202726;0;
..\..\world\kalimdor\mulgore\passivedoodads\thorns\mullgorethorn03.m2;19058.291015625;126.49452209472656;21597.515625;-64;281;24.5000057220459;;1.08984375;374722;m2;202307;0;
..\..\world\kalimdor\mulgore\passivedoodads\thorns\mullgorethorn06.m2;19164.017578125;90.5846939086914;21622.5078125;0;87.5;0;;1.009765625;374731;m2;202310;0;
..\..\world\kalimdor\mulgore\passivedoodads\thorns\mullgorethorn01.m2;19183.14453125;118.4327163696289;21749.875;48.999996185302734;113;-48.000003814697266;;0.5498046875;374868;m2;202305;0;
..\..\world\kalimdor\barrens\passivedoodads\trees\barrenstree09.m2;18970.162109375;86.6652603149414;21600.19921875;0;312.566650390625;0;;1.1962890625;379390;m2;201406;0;
..\..\world\kalimdor\barrens\passivedoodads\trees\barrenstree09.m2;18975.294921875;87.3428726196289;21599.25390625;0;229.4147491455078;0;;1.1884765625;379389;m2;201406;0;
..\..\world\kalimdor\barrens\passivedoodads\trees\barrenstree08.m2;18904.71875;87.29843139648438;21520.140625;0;8.39520263671875;0;;1.2060546875;379391;m2;201405;0;
..\..\world\kalimdor\mulgore\passivedoodads\thorns\mullgorethorn02.m2;18809.330078125;93.53208923339844;21528.37890625;37.999996185302734;30.5;7.500000476837158;;0.8095703125;272915;m2;202306;0;
..\..\world\kalimdor\mulgore\passivedoodads\thorns\mullgorethorn02.m2;18736.759765625;104.48252868652344;21515.671875;23.500003814697266;349;-3.999999523162842;;1;272925;m2;202306;0;
..\..\world\kalimdor\mulgore\passivedoodads\thorns\mullgorethorn06.m2;19221.544921875;95.33232879638672;21635.87890625;10.5;31;13;;0.689453125;374842;m2;202310;0;
..\..\world\kalimdor\thousandneedles\passivedoodads\rocks\thousandrock06.m2;18803.36328125;-38.308719635009766;21853.37109375;0;225.4170379638672;0;;1.6630859375;274171;m2;202722;0;
..\..\world\kalimdor\mulgore\passivedoodads\thorns\mullgorethorn03.m2;18731.267578125;106.0615005493164;21524.443359375;-86.49999237060547;187.9999542236328;57.500057220458984;;1.009765625;272923;m2;202307;0;
..\..\world\kalimdor\mulgore\passivedoodads\thorns\mullgorethorn07.m2;18830.15234375;109.76323699951172;21529.560546875;-6.499999523162842;58;-7.000000476837158;;0.919921875;272918;m2;202311;0;
..\..\world\kalimdor\thousandneedles\passivedoodads\rocks\thousandrock15.m2;18728.111328125;-43.39479446411133;21854.7265625;0;267.5911865234375;0;;1.7646484375;274167;m2;202731;0;
..\..\world\kalimdor\mulgore\passivedoodads\thorns\mullgorethorn05.m2;18827.376953125;84.54984283447266;21538.73046875;0;231;0;;0.58984375;272917;m2;202309;0;
..\..\world\kalimdor\mulgore\passivedoodads\thorns\mullgorethorn03.m2;19139.2421875;121.12325286865234;21479.69140625;10;354;-20.999998092651367;;1;374708;m2;202307;0;
..\..\world\kalimdor\thousandneedles\passivedoodads\rocks\thousandrock15.m2;18981.548828125;-42.20057678222656;21799.177734375;0;189.05850219726562;0;;1.740234375;274233;m2;202731;0;
..\..\world\kalimdor\barrens\passivedoodads\trees\barrenstree08.m2;18975.95703125;87.79118347167969;21598.900390625;0;337.5711669921875;0;;0.994140625;379388;m2;201405;0;
..\..\world\kalimdor\mulgore\passivedoodads\thorns\mullgorethorn07.m2;19207.51953125;116.032958984375;21632.703125;23.999996185302734;29.5;21;;0.6796875;374848;m2;202311;0;
..\..\world\generic\tauren\passivedoodads\totems\grimtotem02.m2;19181.513671875;83.05559539794922;21813.197265625;0;348.5;0;;1.5390625;494099;m2;200574;0;
..\..\world\kalimdor\mulgore\passivedoodads\thorns\mullgorethorn07.m2;19160.927734375;93.70433044433594;21709.33203125;22.999998092651367;93.5;-71;;0.7392578125;374869;m2;202311;0;
..\..\world\kalimdor\mulgore\passivedoodads\thorns\mullgorethorn03.m2;19196.80078125;96.3426513671875;21629.55078125;34;287.5;-26.500001907348633;;0.8095703125;374847;m2;202307;0;
..\..\world\kalimdor\thousandneedles\passivedoodads\rocks\thousandrock06.m2;19074.701171875;-58.4260139465332;21843.70703125;0;167.707763671875;0;;1.5751953125;274232;m2;202722;0;
..\..\world\kalimdor\mulgore\passivedoodads\thorns\mullgorethorn03.m2;18738.955078125;107.2294921875;21558.931640625;35.5;193.5;42;;0.75;272928;m2;202307;0;
..\..\world\kalimdor\mulgore\passivedoodads\thorns\mullgorethorn05.m2;18735.390625;97.90469360351562;21522.556640625;0;276.5;0;;0.44921875;272924;m2;202309;0;
..\..\world\kalimdor\mulgore\passivedoodads\thorns\mullgorethorn05.m2;18733.5078125;122.04833984375;21566.568359375;-3.999990224838257;276.5;89.00001525878906;;0.4091796875;272927;m2;202309;0;
..\..\world\generic\tauren\passivedoodads\totems\taurentotem02.m2;18886.27734375;85.60152435302734;21639.15234375;0;107.23565673828125;0;;0.8173828125;283740;m2;200578;0;
..\..\world\generic\tauren\passivedoodads\totems\grimtotem01.m2;19200.703125;79.82140350341797;21867.96875;0;317;0;;0.69921875;494098;m2;200573;0;
..\..\world\kalimdor\mulgore\passivedoodads\thorns\mullgorethorn06.m2;18871.0703125;87.63528442382812;21530.890625;2.5;0;-18.000001907348633;;0.4892578125;577704;m2;202310;0;
..\..\world\kalimdor\mulgore\passivedoodads\thorns\mullgorethorn07.m2;19021.939453125;93.64387512207031;21446.1953125;-36.5;3;-46.49999237060547;;0.359375;577702;m2;202311;0;
..\..\world\kalimdor\mulgore\passivedoodads\thorns\mullgorethorn02.m2;19183.42578125;84.21511840820312;21688.896484375;0;337.5;0;;0.419921875;374904;m2;202306;0;
..\..\world\generic\tauren\passivedoodads\windbreaks\taurenwindbreak01.m2;18957.759765625;83.96038055419922;21690.22265625;0;349;0;;1;283765;m2;200613;0;
..\..\world\kalimdor\mulgore\passivedoodads\thorns\mullgorethorn05.m2;18870.423828125;86.03134155273438;21534.3828125;-2.5;203;8.5;;0.2392578125;577706;m2;202309;0;
..\..\world\generic\tauren\passivedoodads\windbreaks\taurenwindbreak01.m2;18880.041015625;84.26551055908203;21669.19140625;0;327.5;0;;1;283734;m2;200613;0;
..\..\world\kalimdor\mulgore\passivedoodads\thorns\mullgorethorn04.m2;19178.287109375;85.15570068359375;21693.27734375;18.5;183;-34;;0.19921875;374903;m2;202308;0;
..\..\world\generic\tauren\passivedoodads\windbreaks\taurenwindbreak01.m2;19181.22265625;80.7796401977539;21842.94140625;0;307;0;;1;483180;m2;200613;0;
..\..\world\generic\tauren\passivedoodads\windbreaks\taurenwindbreak01.m2;18869.67578125;85.14373779296875;21655.13671875;0;308.5;0;;1;283733;m2;200613;0;
..\..\world\generic\tauren\passivedoodads\windbreaks\taurenwindbreak01.m2;19172.76171875;80.72177124023438;21833.6015625;0;139.5;0;;1;483182;m2;200613;0;
..\..\world\generic\tauren\passivedoodads\windbreaks\taurenwindbreak01.m2;19160.224609375;81.54511260986328;21823.078125;0;139;0;;1;483183;m2;200613;0;
..\..\world\kalimdor\mulgore\passivedoodads\thorns\mullgorethorn06.m2;19185.5625;85.94998168945312;21690.056640625;-23.000001907348633;343.5;-48.50000762939453;;0.25;374902;m2;202310;0;
..\..\world\kalimdor\mulgore\passivedoodads\thorns\mullgorethorn01.m2;19018.19921875;90.59842681884766;21442.328125;31.500003814697266;230.00001525878906;-4.5;;0.1796875;577701;m2;202305;0;
..\..\world\azeroth\duskwood\passivedoodads\bush\duskwoodbush01.m2;18965.947265625;87.41007995605469;21602.029296875;0;98.52288818359375;0;;0.8330078125;379891;m2;189395;0;
..\..\world\generic\quilboar\passivedoodads\quilboarrockpaintings\quillboarpaintingrock01.m2;19183.67578125;84.21778869628906;21689.09375;0;13;0;;1.2392578125;374901;m2;200338;0;
..\..\world\kalimdor\mulgore\passivedoodads\thorns\mullgorethorn07.m2;18870.427734375;92.41260528564453;21539.634765625;-3.000000238418579;8.5;8.5;;0.279296875;577705;m2;202311;0;
..\..\world\azeroth\duskwood\passivedoodads\bush\duskwoodbush04.m2;18975.693359375;89.51930236816406;21603.259765625;12.999998092651367;182.08004760742188;-10.999999046325684;;1.146484375;379893;m2;189398;0;
..\..\world\azeroth\duskwood\passivedoodads\bush\duskwoodbush05.m2;18973.470703125;87.4571762084961;21596.107421875;1.5;178.78668212890625;-5;;1.17578125;379892;m2;189399;0;
..\..\world\azeroth\duskwood\passivedoodads\bush\duskwoodbush04.m2;18904.95703125;87.1589126586914;21525.615234375;0;161.38916015625;0;;1.068359375;379894;m2;189398;0;
..\..\world\generic\tauren\passivedoodads\windbreaks\taurenwindbreak02.m2;18894.49609375;85.45762634277344;21678.421875;0;251.5;0;;1;283735;m2;200614;0;
..\..\world\generic\tauren\passivedoodads\windbreaks\taurenwindbreak02.m2;18974.89453125;83.98129272460938;21693.4375;0;11.5;0;;1;283766;m2;200614;0;
..\..\world\generic\tauren\passivedoodads\windbreaks\taurenwindbreak02.m2;19191.037109375;81.09297180175781;21856.162109375;0;32;0;;1;483181;m2;200614;0;
..\..\world\generic\tauren\passivedoodads\windbreaks\taurenwindbreak02.m2;19147.8515625;81.7208023071289;21812.44140625;0;354;0;;1;483184;m2;200614;0;
..\..\world\generic\tauren\passivedoodads\totems\grimtotem02.m2;18924.18359375;77.9672622680664;21868.50390625;0;300.5;0;;0.4892578125;494094;m2;200574;0;
..\..\world\azeroth\duskwood\passivedoodads\bush\duskwoodbush04.m2;18877.298828125;87.56059265136719;21533.181640625;-3.5000007152557373;254.38912963867188;-6.500000953674316;;0.9677734375;577707;m2;189398;0;
..\..\world\generic\quilboar\passivedoodads\post\quillboarpost.m2;19106.716796875;74.32807922363281;21558.609375;12;84.2567138671875;-7.500000476837158;;1;374769;m2;200336;0;
..\..\world\generic\quilboar\passivedoodads\post\quillboarpost.m2;19174.78515625;90.8961181640625;21721.701171875;-6.5;175.2955322265625;6;;1;374897;m2;200336;0;
..\..\world\generic\quilboar\passivedoodads\post\quillboarpost.m2;19099.6171875;89.79759979248047;21366.51953125;3.499999761581421;123.39114379882812;31.499996185302734;;1;374807;m2;200336;0;
..\..\world\azeroth\duskwood\passivedoodads\bush\duskwoodbush03.m2;18908.78125;88.07301330566406;21520.224609375;-5.000000476837158;110.0565185546875;12.000000953674316;;0.79296875;379895;m2;189397;0;
..\..\world\generic\quilboar\passivedoodads\post\quillboarpost.m2;19197.421875;88.29327392578125;21643.041015625;-4.2688682810876344e-7;37.299713134765625;-12.499999046325684;;0.83984375;374888;m2;200336;0;
..\..\world\generic\tauren\passivedoodads\taurenrugs\taurenrug04.m2;19158.529296875;83.51976013183594;21807.435546875;0;42;0;;2.51953125;483266;m2;200539;0;
..\..\world\generic\quilboar\passivedoodads\post\quillboarpost.m2;19140.265625;86.75574493408203;21609.482421875;-18.000001907348633;337.79595947265625;10.5;;0.779296875;374918;m2;200336;0;
..\..\world\kalimdor\durotar\passivedoodads\bushes\durotarbush02.m2;18867.6171875;-42.886863708496094;21782.380859375;-7.500000953674316;325.87542724609375;-9.5;;1.1865234375;282716;m2;201769;0;
..\..\world\generic\quilboar\passivedoodads\leantos\razorfenleanto03.m2;19080.41796875;91.11664581298828;21384.05078125;-6.499999046325684;225.0515594482422;20.499998092651367;;1;374805;m2;200335;0;
..\..\world\generic\quilboar\passivedoodads\post\quillboarpost.m2;19101.263671875;90.458740234375;21365.265625;22.5;103.52194213867188;1;;0.76953125;374806;m2;200336;0;
..\..\world\generic\orc\passivedoodads\lampposts\orcbrazier_lightpostbarrens.m2;18954.33203125;85.78976440429688;21490.2109375;5;310.5;8.499999046325684;;1;317110;m2;199196;0;
..\..\world\generic\orc\passivedoodads\lampposts\orcbrazier_lightpostbarrens.m2;18908.478515625;85.6878433227539;21598.560546875;5;310.5;8.499999046325684;;1;317111;m2;199196;0;
..\..\world\kalimdor\durotar\passivedoodads\bushes\durotarbush02.m2;18737.001953125;-42.82411193847656;21863.25;7.999999046325684;293.80535888671875;-9.999999046325684;;1.19140625;282719;m2;201769;0;
..\..\world\azeroth\duskwood\passivedoodads\bush\duskwoodbush03.m2;19017.7265625;89.98677825927734;21441.640625;18.999998092651367;318.0565185546875;-3.0000007152557373;;0.6328125;577699;m2;189397;0;
..\..\world\generic\quilboar\passivedoodads\post\quillboarpost.m2;19175.86328125;92.68218231201172;21718.318359375;21.5;259.54132080078125;-14.5;;0.7294921875;374896;m2;200336;0;
..\..\world\generic\quilboar\passivedoodads\post\quillboarpost.m2;19160.95703125;86.6156997680664;21606.65625;-21;75.1378173828125;-3.0000007152557373;;0.7392578125;374915;m2;200336;0;
..\..\world\generic\quilboar\passivedoodads\post\quillboarpost.m2;19109.701171875;75.50588989257812;21556.435546875;16.000001907348633;332.5025634765625;17.999998092651367;;0.689453125;374770;m2;200336;0;
..\..\world\kalimdor\durotar\passivedoodads\bushes\durotarbush02.m2;18768.451171875;-23.022789001464844;21687.3359375;7.999999046325684;40.474853515625;17.499998092651367;;1.001953125;282714;m2;201769;0;
..\..\world\kalimdor\wailingcaverns\passivedoodads\fangdruids\wc_benchstone02.m2;19140.09765625;75.95262145996094;21547.36328125;1.999999761581421;337.64007568359375;-0.5;;1;379112;m2;202797;0;
..\..\world\generic\quilboar\passivedoodads\leantos\razorfenleanto03.m2;19131.591796875;75.95262145996094;21544.375;0;66.89419555664062;0;;1;374768;m2;200335;0;
..\..\world\azeroth\duskwood\passivedoodads\bush\duskwoodbush03.m2;19022.5234375;91.39506530761719;21440.291015625;-10.500000953674316;122.5565185546875;7.000000953674316;;0.5126953125;577700;m2;189397;0;
..\..\world\generic\quilboar\passivedoodads\post\quillboarpost.m2;19161.86328125;87.848876953125;21608.08203125;-6.000000476837158;196.72718811035156;-5;;0.599609375;374916;m2;200336;0;
..\..\world\kalimdor\durotar\passivedoodads\bushes\durotarbush02.m2;18676.30859375;-38.579063415527344;21828.07421875;-18.500001907348633;125.70941162109375;6.000001907348633;;0.875;282721;m2;201769;0;
..\..\world\generic\quilboar\passivedoodads\post\quillboarpost.m2;19200.677734375;89.71173858642578;21645.109375;16.000001907348633;207.71385192871094;-24.000001907348633;;0.5693359375;374889;m2;200336;0;
..\..\world\kalimdor\durotar\passivedoodads\bushes\durotarbush02.m2;18681.685546875;-27.836116790771484;21744.712890625;-7.499999523162842;18.28179931640625;10;;0.9443359375;282712;m2;201769;0;
..\..\world\kalimdor\durotar\passivedoodads\bushes\durotarbush02.m2;18994.298828125;-43.19487762451172;21778.30859375;-3.999999523162842;251.2100372314453;-4.5;;0.9638671875;283159;m2;201769;0;
..\..\world\kalimdor\durotar\passivedoodads\bushes\durotarbush02.m2;18806.091796875;-37.95710372924805;21850.404296875;-0.9999990463256836;104.71392822265625;29.499998092651367;;0.87109375;282718;m2;201769;0;
..\..\world\generic\tauren\passivedoodads\drums\taurendrumgiant01.m2;18895.814453125;86.06188201904297;21670.6015625;0;286.9814453125;0;;1.1708984375;283759;m2;200401;0;
..\..\world\kalimdor\durotar\passivedoodads\bushes\durotarbush02.m2;19068.86328125;-54.05247497558594;21837.306640625;7.499999523162842;354.39678955078125;5;;1.03125;283158;m2;201769;0;
..\..\world\generic\quilboar\passivedoodads\troughs\razorfentrough01.m2;19184.466796875;84.78978729248047;21374.23828125;12.5;328;-1.5;;1.919921875;374803;m2;200349;0;
..\..\world\generic\tauren\passivedoodads\drums\taurendrumgiant01.m2;18943.6875;89.37789154052734;21866.90625;0;342;0;;1;483870;m2;200401;0;
..\..\world\generic\tauren\passivedoodads\dreamcatchers\dreamcatcher01.m2;19160.28515625;85.33732604980469;21814.47265625;0;0;0;;1;483270;m2;200397;0;
..\..\world\kalimdor\durotar\passivedoodads\bushes\durotarbush02.m2;18847.939453125;-40.9401741027832;21736.490234375;0.5000000596046448;357.95648193359375;-9.499999046325684;;0.916015625;282715;m2;201769;0;
..\..\world\generic\tauren\passivedoodads\taurenrugs\taurenrug01.m2;19152.68359375;83.51976013183594;21801.005859375;0;0;0;;1.7294921875;483265;m2;200536;0;
..\..\world\generic\tauren\passivedoodads\signposts\taurensignpost01.m2;18877.923828125;-45.522735595703125;21799.72265625;0;337.5;0;;1;300438;m2;200451;0;
..\..\world\generic\quilboar\passivedoodads\troughs\razorfentrough01.m2;19179.998046875;84.9453125;21371.89453125;-13.999998092651367;144;3.4999992847442627;;1.6796875;374802;m2;200349;0;
..\..\world\kalimdor\wailingcaverns\passivedoodads\fangdruids\wc_tablestone.m2;19188.40625;83.56659698486328;21820.927734375;0;0;0;;1.3798828125;483253;m2;202815;0;
..\..\world\kalimdor\wailingcaverns\passivedoodads\fangdruids\wc_benchstone.m2;19199.625;83.4356460571289;21825.248046875;-0.4999999403953552;208.1684112548828;-2.5;;1.0048828125;483276;m2;202796;0;
..\..\world\kalimdor\wailingcaverns\passivedoodads\fangdruids\wc_benchstone.m2;19185.31640625;81.97772979736328;21844.8125;0;299.4523620605469;0;;0.9970703125;483284;m2;202796;0;
..\..\world\generic\orc\passivedoodads\bones\wailingcavernshangingbones01.m2;19159.92578125;93.82767486572266;21613.8984375;0;184.5;0;;0.9697265625;374911;m2;199114;0;
..\..\world\generic\orc\passivedoodads\bones\wailingcavernshangingbones03.m2;19153.158203125;95.27631378173828;21622.296875;0;0;0;;1;374910;m2;199116;0;
..\..\world\azeroth\elwynn\passivedoodads\campfire\elwynncampfire.m2;19075.775390625;105.33824157714844;21373.23828125;0;0;0;;1;374687;m2;189705;0;
..\..\world\azeroth\elwynn\passivedoodads\campfire\elwynncampfire.m2;19137.904296875;106.86840057373047;21415.28515625;0;0;0;;1;374696;m2;189705;0;
..\..\world\azeroth\elwynn\passivedoodads\campfire\elwynncampfire.m2;19173.25390625;104.79035186767578;21424.744140625;0;0;0;;1;374701;m2;189705;0;
..\..\world\kalimdor\wailingcaverns\passivedoodads\fangdruids\wc_benchstone.m2;19190.46484375;82.0901870727539;21851.50390625;0;137.66229248046875;0;;0.96875;483283;m2;202796;0;
..\..\world\kalimdor\wailingcaverns\passivedoodads\hangingheads\wc_hanginghead01.m2;19155.515625;96.78431701660156;21618.42578125;0;86;0;;1.939453125;374909;m2;202818;0;
..\..\world\kalimdor\wailingcaverns\passivedoodads\fangdruids\wc_tablestone.m2;19138.458984375;75.84151458740234;21550.22265625;0;6.50408935546875;0;;1;379113;m2;202815;0;
..\..\world\generic\quilboar\passivedoodads\troughs\razorfentrough01.m2;19130.62890625;75.95262145996094;21548.478515625;0;75.7017822265625;0;;1.4296875;374767;m2;200349;0;
..\..\world\generic\quilboar\passivedoodads\troughs\razorfentrough01.m2;19081.974609375;90.75316619873047;21380.521484375;4.999999523162842;47;-6;;1.3095703125;374804;m2;200349;0;
..\..\world\kalimdor\wailingcaverns\passivedoodads\fangdruids\wc_benchstone.m2;18964.8671875;88.94115447998047;21835.62109375;0;315.97064208984375;0;;0.8271484375;483243;m2;202796;0;
..\..\world\kalimdor\wailingcaverns\passivedoodads\fangdruids\wc_basinstone.m2;19193.9296875;84.04251098632812;21819.875;0;0;0;;1.8896484375;483252;m2;202794;0;
..\..\world\azeroth\theblastedlands\passivedoodads\detail\blastedlandsrock01.m2;18963.068359375;89.13441467285156;21840.515625;0;50.50567626953125;0;;1.1943359375;483232;m2;190447;0;
..\..\world\generic\tauren\passivedoodads\watertroughs\watertroughsmall01.m2;19166.1171875;83.51304626464844;21810.5625;0;0;0;;1;483271;m2;200602;0;
..\..\world\azeroth\theblastedlands\passivedoodads\detail\blastedlandsrock01.m2;18960.939453125;89.19291687011719;21837.5625;0;138.69561767578125;0;;1.1396484375;483237;m2;190447;0;
..\..\world\generic\passivedoodads\lights\generaltorch01.m2;18796.154296875;87.45820617675781;21554.59375;0;0;0;;1;272931;m2;199820;0;
..\..\world\generic\passivedoodads\lights\generaltorch01.m2;18795.751953125;87.37674713134766;21553.8828125;0;253;0;;1;272932;m2;199820;0;
..\..\world\generic\passivedoodads\lights\generaltorch01.m2;18797.79296875;87.45218658447266;21539.802734375;0;43;0;;1;272933;m2;199820;0;
..\..\world\generic\passivedoodads\lights\generaltorch01.m2;18804.412109375;86.80620574951172;21542.37890625;0;358.5;0;;1;272934;m2;199820;0;
..\..\world\generic\passivedoodads\lights\generaltorch01.m2;19130.64453125;75.95262145996094;21550.39453125;0;129.00540161132812;0;;1;374765;m2;199820;0;
..\..\world\generic\passivedoodads\lights\generaltorch01.m2;19130.513671875;75.95262145996094;21550.041015625;0;162.9102783203125;0;;1;374766;m2;199820;0;
..\..\world\generic\passivedoodads\lights\generaltorch01.m2;19183.541015625;85.29156494140625;21371.80078125;0;0;0;;1;374776;m2;199820;0;
..\..\world\generic\passivedoodads\lights\generaltorch01.m2;19183.734375;85.56085205078125;21371.6875;0;235.27938842773438;0;;1;374777;m2;199820;0;
..\..\world\generic\passivedoodads\lights\generaltorch01.m2;19187.79296875;85.96275329589844;21373.04296875;0;211.41636657714844;0;;1;374778;m2;199820;0;
..\..\world\generic\passivedoodads\lights\generaltorch01.m2;19172.912109375;88.04119110107422;21421.115234375;0;17.45782470703125;0;;1;374779;m2;199820;0;
..\..\world\generic\passivedoodads\lights\generaltorch01.m2;19172.99609375;87.81597137451172;21420.58984375;0;167.8212890625;0;;1;374780;m2;199820;0;
..\..\world\generic\passivedoodads\lights\generaltorch01.m2;19169.234375;86.91397857666016;21418.748046875;0;333.3739318847656;0;;1;374781;m2;199820;0;
..\..\world\generic\passivedoodads\lights\generaltorch01.m2;19111.787109375;93.1270523071289;21362.265625;0;180.77456665039062;0;;1;374782;m2;199820;0;
..\..\world\generic\passivedoodads\lights\generaltorch01.m2;19111.755859375;92.33358001708984;21362.99609375;0;16.073486328125;0;;1;374783;m2;199820;0;
..\..\world\generic\passivedoodads\lights\generaltorch01.m2;19084.30078125;90.87503051757812;21375.97265625;0;131.8399658203125;0;;1;374784;m2;199820;0;
..\..\world\generic\passivedoodads\lights\generaltorch01.m2;19084.91796875;91.19200897216797;21374.677734375;0;350.85906982421875;0;;1;374785;m2;199820;0;
..\..\world\generic\passivedoodads\lights\generaltorch01.m2;19079.4296875;91.6588134765625;21381.2421875;0;127.3134536743164;0;;1;374786;m2;199820;0;
..\..\world\generic\passivedoodads\lights\generaltorch01.m2;19175.423828125;92.35791778564453;21719.125;0;31.90423583984375;0;;1;374884;m2;199820;0;
..\..\world\generic\passivedoodads\lights\generaltorch01.m2;19175.720703125;92.43575286865234;21719.431640625;0;301.06134033203125;0;;1;374885;m2;199820;0;
..\..\world\generic\passivedoodads\lights\generaltorch01.m2;19199.869140625;90.08941650390625;21645.193359375;0;243.7501220703125;0;;1;374891;m2;199820;0;
..\..\world\generic\passivedoodads\lights\generaltorch01.m2;19199.33203125;90.08165740966797;21644.927734375;0;145.96881103515625;0;;1;374892;m2;199820;0;
..\..\world\generic\passivedoodads\lights\generaltorch01.m2;19178.943359375;84.22064971923828;21686.70703125;0;266.8990173339844;0;;1;374905;m2;199820;0;
..\..\world\generic\passivedoodads\lights\generaltorch01.m2;19178.693359375;84.22000885009766;21686.443359375;0;195.8262939453125;0;;1;374906;m2;199820;0;
..\..\world\generic\passivedoodads\lights\generaltorch01.m2;19182.22265625;84.15733337402344;21685.056640625;0;23.5224609375;0;;1;374907;m2;199820;0;
..\..\world\generic\passivedoodads\lights\generaltorch01.m2;19182.03125;84.29032135009766;21692.6875;0;138.01446533203125;0;;1;374908;m2;199820;0;
..\..\world\generic\passivedoodads\lights\generaltorch01.m2;19159.67578125;88.9371337890625;21607.20703125;0;335.49969482421875;0;;1;374917;m2;199820;0;
..\..\world\generic\orc\passivedoodads\weapons\orcspear02.m2;18829.904296875;-42.11071014404297;21716.5703125;-38.50000762939453;99.37435913085938;1.4999979734420776;;1;355147;m2;199438;0;
..\..\world\generic\tauren\passivedoodads\animalcages\animalcage03.m2;19134.935546875;75.9523696899414;21559.640625;0;244.77188110351562;0;;1;376760;m2;200359;0;
..\..\world\azeroth\duskwood\passivedoodads\tombs\woodcross02.m2;18823.822265625;-38.044918060302734;21724.224609375;9;153.79132080078125;-2.5;;1;355125;m2;189541;0;
..\..\world\azeroth\duskwood\passivedoodads\tombs\woodcross01.m2;18841.013671875;-42.3662223815918;21726.6796875;7.499999523162842;320.1944580078125;-9.999999046325684;;1;355119;m2;189540;0;
..\..\world\azeroth\duskwood\passivedoodads\tombs\woodcross02.m2;18828.302734375;-41.63198471069336;21716.7265625;0;73.99517822265625;0;;1;355126;m2;189541;0;
..\..\world\azeroth\duskwood\passivedoodads\tombs\woodcross02.m2;18822.923828125;-39.4088020324707;21718.935546875;0;290.08087158203125;0;;1;355127;m2;189541;0;
..\..\world\azeroth\duskwood\passivedoodads\tombs\woodcross02.m2;18821.431640625;-40.15077590942383;21713.30078125;0;299.6942138671875;0;;1;355128;m2;189541;0;
..\..\world\azeroth\duskwood\passivedoodads\tombs\woodcross01.m2;18832.849609375;-40.61717224121094;21726.943359375;11.500000953674316;343.871826171875;-9.499999046325684;;1;355122;m2;189540;0;
..\..\world\generic\tauren\passivedoodads\sacks\taurensack03.m2;19192.837890625;83.85789489746094;21821.044921875;0;141.29949951171875;0;;1.0341796875;483281;m2;200443;0;
..\..\world\generic\tauren\passivedoodads\sacks\taurensack03.m2;19187.19921875;81.99671173095703;21847.947265625;-7.499999523162842;169.040771484375;-8;;1.1005859375;483286;m2;200443;0;
..\..\world\azeroth\theblastedlands\passivedoodads\detail\blastedlandsrock01.m2;18959.955078125;89.33123779296875;21839.19140625;0;211.73497009277344;0;;0.9658203125;483229;m2;190447;0;
..\..\world\azeroth\duskwood\passivedoodads\tombs\woodcross01.m2;18834.310546875;-42.01811599731445;21721.294921875;4.999999523162842;267.2398376464844;3;;1;355123;m2;189540;0;
..\..\world\azeroth\theblastedlands\passivedoodads\detail\blastedlandsrock01.m2;18960.14453125;89.27925109863281;21838.28515625;0;145.96881103515625;0;;0.9560546875;483238;m2;190447;0;
..\..\world\generic\passivedoodads\lights\generaltorch01.m2;19135.923828125;75.9523696899414;21560.451171875;0;166.986328125;0;;0.8427734375;376779;m2;199820;0;
..\..\world\azeroth\duskwood\passivedoodads\tombs\woodcross01.m2;18837.4765625;-41.21797561645508;21730.1328125;0;38.35467529296875;0;;1;355120;m2;189540;0;
..\..\world\azeroth\duskwood\passivedoodads\tombs\woodcross01.m2;18836.98828125;-42.050071716308594;21724.40625;0;62.821990966796875;0;;1;355121;m2;189540;0;
..\..\world\azeroth\duskwood\passivedoodads\tombs\woodcross01.m2;18828.501953125;-40.67586135864258;21721.09375;0;190.3549346923828;0;;1;355124;m2;189540;0;
..\..\world\generic\tauren\passivedoodads\baskets\largebasket01.m2;19188.076171875;81.93280792236328;21850.00390625;0;34.30035400390625;0;;0.7197265625;483288;m2;200372;0;
..\..\world\generic\tauren\passivedoodads\animalcages\animalcage02.m2;19133.298828125;75.95262145996094;21558.134765625;0;285.4052734375;0;;1;376759;m2;200358;0;
..\..\world\generic\passivedoodads\weapons\spiked_club01.m2;19189.17578125;85.08855438232422;21814.03515625;50.499996185302734;149.39666748046875;-66.49999237060547;;1.1171875;483278;m2;200235;0;
..\..\world\azeroth\theblastedlands\passivedoodads\detail\blastedlandsrock01.m2;18962.978515625;89.11254119873047;21837.662109375;0;235.67489624023438;0;;0.884765625;483235;m2;190447;0;
..\..\world\azeroth\theblastedlands\passivedoodads\detail\blastedlandsrock01.m2;18963.814453125;89.16287994384766;21838.650390625;0;329.3252258300781;0;;0.8740234375;483234;m2;190447;0;
..\..\world\generic\passivedoodads\weapons\wicker_bow.m2;19129.390625;75.95262145996094;21550.19921875;-88.0000228881836;11.000031471252441;2.500025987625122;;1;391469;m2;200243;0;
..\..\world\azeroth\theblastedlands\passivedoodads\detail\blastedlandsrock01.m2;18961.87109375;89.1655044555664;21837.240234375;0;279.742431640625;0;;0.9814453125;483236;m2;190447;0;
..\..\world\generic\tauren\passivedoodads\weapons\tauren_weaponhatchet01.m2;18971.98828125;88.72765350341797;21843.966796875;-73;136.10324096679688;-11.999991416931152;;1.1904296875;483242;m2;200604;0;
..\..\world\azeroth\theblastedlands\passivedoodads\detail\blastedlandsrock01.m2;18961.591796875;89.30331420898438;21840.92578125;0;275.6004638671875;0;;0.986328125;483231;m2;190447;0;
..\..\world\azeroth\theblastedlands\passivedoodads\detail\blastedlandsrock01.m2;18963.71484375;89.17367553710938;21839.87890625;0;17.67755126953125;0;;0.87890625;483233;m2;190447;0;
..\..\world\generic\orc\passivedoodads\weapons\orcsword03.m2;18827.08984375;-40.26689147949219;21721.513671875;-87.50017547607422;260.01605224609375;31.500246047973633;;1;355135;m2;199448;0;
..\..\world\azeroth\theblastedlands\passivedoodads\detail\blastedlandsrock01.m2;18960.482421875;89.3953628540039;21840.259765625;0;297.62872314453125;0;;0.814453125;483230;m2;190447;0;
..\..\world\generic\tauren\passivedoodads\weapons\tauren_weaponhatchet01.m2;19189.736328125;85.24303436279297;21814.3828125;61.50000762939453;147.125244140625;-4.500013828277588;;1.162109375;483277;m2;200604;0;
..\..\world\azeroth\elwynn\passivedoodads\battlegladeshield1\battlegladeshield1.m2;18822.9765625;-38.90871810913086;21718.822265625;59.5;54.68658447265625;-53.49998474121094;;1;355138;m2;189676;0;
..\..\world\generic\tauren\passivedoodads\sacks\taurensack03.m2;19188.828125;82.13333892822266;21848.69140625;2.000000238418579;214.4157257080078;-8.000000953674316;;0.8291015625;483285;m2;200443;0;
..\..\world\generic\tauren\passivedoodads\kodohorncontainers\basketkodohorns.m2;19154.53515625;83.51976013183594;21805.029296875;0;0;0;;0.69921875;483267;m2;200418;0;
..\..\world\azeroth\elwynn\passivedoodads\battlegladeshield3\battlegladeshield3.m2;18832.849609375;-40.57986831665039;21726.576171875;26.000003814697266;184.6228790283203;46.00000762939453;;1;355140;m2;189680;0;
..\..\world\generic\tauren\passivedoodads\rattles\taurenrattle01.m2;18945.861328125;89.51065826416016;21865.37890625;9;27.5;12;;1.7392578125;483871;m2;200439;0;
..\..\world\kalimdor\wailingcaverns\passivedoodads\fangdruids\wc_basinstone.m2;18970.55859375;88.98047637939453;21845.875;0;273.7215270996094;0;;1.005859375;483245;m2;202794;0;
..\..\world\generic\passivedoodads\weapons\spiked_club01.m2;19138.958984375;76.4542465209961;21547.33203125;-79.99995422363281;86.99996948242188;0.5000032186508179;;1;391470;m2;200235;0;
..\..\world\generic\dwarf\passivedoodads\dwarfcorpse\corpseskeletondwarf.m2;18851.177734375;-40.70132064819336;21747.640625;-8.500000953674316;0;-24.5;;1;300699;m2;197330;0;
..\..\world\kalimdor\wailingcaverns\passivedoodads\fangdruids\wc_stoolstone.m2;18967.2109375;89.08623504638672;21840.521484375;0;342.9047546386719;0;;1.3173828125;483246;m2;202814;0;
..\..\world\generic\tauren\passivedoodads\sacks\taurensack01.m2;19161.00390625;83.4214859008789;21813.5625;0;152.154296875;0;;0.86328125;483274;m2;200441;0;
..\..\world\generic\orc\passivedoodads\barrelsandcrates\orccrate02.m2;18970.41796875;88.65851593017578;21837.900390625;2;192.33253479003906;4;;0.984375;483240;m2;199095;0;
..\..\world\generic\tauren\passivedoodads\rattles\taurenrattle01.m2;18944.771484375;89.65751647949219;21864.65625;4.500000476837158;287.5;9.000000953674316;;1.6298828125;483872;m2;200439;0;
..\..\world\generic\tauren\passivedoodads\carvingtools\carvinghammer01.m2;18969.416015625;88.81194305419922;21836.900390625;-87.00010681152344;6.982421875;37.00008010864258;;0.9443359375;483241;m2;200390;0;
..\..\world\generic\tauren\passivedoodads\carvingtools\carvinghammer01.m2;19188.8515625;84.93718719482422;21813.6796875;54.000003814697266;137.5;3.4999969005584717;;1;483258;m2;200390;0;
..\..\world\generic\passivedoodads\weapons\wicker_shield.m2;19129.302734375;75.95262145996094;21550.92578125;0.9999973177909851;208.5;86.0000228881836;;1;391468;m2;200244;0;
..\..\world\generic\tauren\passivedoodads\sacks\taurensack03.m2;19192.177734375;84.14167022705078;21819.61328125;0;86.80563354492188;0;;0.81640625;483280;m2;200443;0;
..\..\world\generic\orc\passivedoodads\weapons\orcaxe01.m2;18837.595703125;-41.11980056762695;21730.71484375;-79;144.6513671875;-160.50001525878906;;1;355132;m2;199430;0;
..\..\world\azeroth\elwynn\passivedoodads\battlegladepolearmskull\battlegladepolearmskull.m2;18832.818359375;-38.65380096435547;21727.53515625;-66.00000762939453;224.13839721679688;110.9999771118164;;1;355139;m2;189674;0;
..\..\world\azeroth\theblastedlands\passivedoodads\bones\blastedlandsbonepile02.m2;19133.052734375;75.9523696899414;21561.13671875;0;280.5664367675781;0;;1.109375;376768;m2;190437;0;
..\..\world\azeroth\theblastedlands\passivedoodads\bones\blastedlandsspine01.m2;19131.455078125;75.9523696899414;21557.62109375;0;120.40866088867188;0;;1.1357421875;376766;m2;190441;0;
..\..\world\azeroth\theblastedlands\passivedoodads\bones\blastedlandsspine01.m2;19134.1796875;75.9523696899414;21561.607421875;0;157.68060302734375;0;;1.142578125;376767;m2;190441;0;
..\..\world\generic\orc\passivedoodads\barrelsandcrates\orccrate03.m2;19156.47265625;83.51976013183594;21801.857421875;0;5.5;0;;0.599609375;483268;m2;199096;0;
..\..\world\generic\tauren\passivedoodads\bowls\taurenbowl07.m2;18969.439453125;88.70337677001953;21837.05078125;0;143.343017578125;0;;0.859375;483239;m2;200384;0;
..\..\world\generic\tauren\passivedoodads\bowls\taurenbowl01.m2;19192.953125;84.70166015625;21817.51953125;0;203.8355712890625;0;;1.1689453125;483282;m2;200378;0;
..\..\world\generic\human\passivedoodads\weapons&armor\crimsonwallshield01.m2;18841.29296875;-42.451725006103516;21726.3125;-78.9999771118164;125.64185333251953;-86.49999237060547;;1;355145;m2;198639;0;
..\..\world\kalimdor\wailingcaverns\passivedoodads\fangdruids\wc_stoolstone.m2;19138.59375;75.89682006835938;21552.64453125;0;259.3511657714844;0;;1;379116;m2;202814;0;
..\..\world\azeroth\theblastedlands\passivedoodads\bones\blastedlandsspine01.m2;19131.87109375;75.9523696899414;21560.453125;0;348.9584045410156;0;;1.080078125;376765;m2;190441;0;
..\..\world\azeroth\theblastedlands\passivedoodads\bones\blastedlandsbonepile02.m2;19132.673828125;75.9523696899414;21556.9375;0;204.68153381347656;0;;0.8701171875;376770;m2;190437;0;
..\..\world\azeroth\elwynn\passivedoodads\battlegladesword\battlegladesword.m2;18822.720703125;-39.25251007080078;21718.568359375;-58.999996185302734;149.09320068359375;156;;1;355137;m2;189687;0;
..\..\world\azeroth\theblastedlands\passivedoodads\bones\blastedlandsbonepile02.m2;19132.892578125;75.9523696899414;21560.3671875;0;0.7470703125;0;;1.017578125;376769;m2;190437;0;
..\..\world\generic\orc\passivedoodads\shields\orcshield01.m2;18828.416015625;-40.56084060668945;21720.58984375;-22.9999942779541;132.68020629882812;86.49999237060547;;1;355134;m2;199250;0;
..\..\world\generic\tauren\passivedoodads\sacks\taurensack02.m2;19159.3984375;83.30596160888672;21814.59765625;0;108.31749725341797;0;;0.9521484375;483273;m2;200442;0;
..\..\world\generic\orc\passivedoodads\barrelsandcrates\orcbarrel01.m2;19196.39453125;84.22972106933594;21819.88671875;0;0;0;;1;483260;m2;199090;0;
..\..\world\generic\tauren\passivedoodads\bowls\taurenbowl07.m2;19187.65234375;85.0093002319336;21819.634765625;0;0;0;;1;483256;m2;200384;0;
..\..\world\kalimdor\wailingcaverns\passivedoodads\fangdruids\wc_stoolstone.m2;19136.52734375;75.89682006835938;21551.48828125;0;272.1396484375;0;;1;379117;m2;202814;0;
..\..\world\generic\human\passivedoodads\weapons&armor\wallshield03.m2;18834.55078125;-41.8990364074707;21721.21875;-40.5000114440918;96.8800048828125;81.00001525878906;;1;355141;m2;198660;0;
..\..\world\generic\tauren\passivedoodads\sacks\taurensack02.m2;19160.01953125;83.38473510742188;21813.9609375;0;194.85946655273438;0;;0.873046875;483272;m2;200442;0;
..\..\world\azeroth\theblastedlands\passivedoodads\bones\blastedlandsbonepile03.m2;19131.861328125;75.9523696899414;21558.73828125;0;19.4793701171875;0;;1.1552734375;376764;m2;190438;0;
..\..\world\generic\orc\passivedoodads\shields\orcshield02.m2;18837.1328125;-41.4264030456543;21729.75;-25.500001907348633;207.13980102539062;1.5000001192092896;;1;355133;m2;199252;0;
..\..\world\azeroth\theblastedlands\passivedoodads\bones\blastedlandsbonepile03.m2;19133.49609375;75.9523696899414;21560.38671875;0;42.70513916015625;0;;1;376762;m2;190438;0;
..\..\world\azeroth\theblastedlands\passivedoodads\bones\blastedlandsbonepile03.m2;19132.720703125;75.9523696899414;21559.796875;0;236.3231201171875;0;;1;376761;m2;190438;0;
..\..\world\generic\tauren\passivedoodads\bowls\taurenbowl03.m2;19187.3515625;82.0440444946289;21846.671875;0;5.43841552734375;0;;0.85546875;483287;m2;200380;0;
..\..\world\generic\tauren\passivedoodads\bowls\taurenbowl09.m2;19159.580078125;83.63087463378906;21812.36328125;0;172.9739990234375;0;;0.74609375;483275;m2;200386;0;
..\..\world\generic\orc\passivedoodads\bowls\bowlwood01.m2;19189.041015625;84.779541015625;21822.484375;0;104.15355682373047;0;;1.55859375;483279;m2;199121;0;
..\..\world\generic\human\passivedoodads\weapons&armor\orcarrow.m2;18841.2109375;-42.253814697265625;21726.01953125;-10.000001907348633;38.31048583984375;-29.5;;1;355146;m2;198658;0;
..\..\world\generic\human\passivedoodads\weapons&armor\orcarrow.m2;18834.697265625;-41.54943084716797;21721.521484375;46.499996185302734;50.945159912109375;-42.499996185302734;;1;355142;m2;198658;0;
..\..\world\kalimdor\wailingcaverns\passivedoodads\baskets\wc_basket01.m2;19138.47265625;76.79723358154297;21550.390625;0;350.85845947265625;0;;1.279296875;379114;m2;202790;0;
..\..\world\generic\human\passivedoodads\weapons&armor\orcarrow.m2;18828.576171875;-38.554866790771484;21720.810546875;38.5;117.26065063476562;-37.500003814697266;;1;355144;m2;198658;0;
..\..\world\azeroth\theblastedlands\passivedoodads\bones\blastedlandsbonepile03.m2;19131.65234375;75.9523696899414;21558.193359375;0;343.0695495605469;0;;0.8828125;376763;m2;190438;0;
..\..\world\generic\tauren\passivedoodads\rattles\taurenrattle01.m2;18965.98046875;89.31302642822266;21836.31640625;0;253.86883544921875;0;;0.7578125;483244;m2;200439;0;
..\..\world\azeroth\theblastedlands\passivedoodads\bones\blastedlandsskull01.m2;18828.38671875;-38.864219665527344;21721.28515625;35.5;125.870849609375;-11.000001907348633;;1;355136;m2;190439;0;
..\..\world\generic\human\passivedoodads\weapons&armor\orcarrow.m2;18834.69921875;-41.58951950073242;21721.216796875;46.499996185302734;87.44515991210938;-42.499996185302734;;1;355143;m2;198658;0;
..\..\world\azeroth\theblastedlands\passivedoodads\bones\blastedlandsskull01.m2;19134.052734375;75.9523696899414;21562.232421875;0;66.326416015625;0;;1.15234375;376778;m2;190439;0;
..\..\world\generic\human\passivedoodads\armor\armorhelmgold.m2;18822.96484375;-37.412288665771484;21718.978515625;17;125.03864288330078;-1.5000003576278687;;1;355131;m2;197871;0;
..\..\world\kalimdor\wailingcaverns\passivedoodads\baskets\wc_basket01.m2;19138.576171875;76.79068756103516;21549.732421875;0;86.62603759765625;0;;1;379115;m2;202790;0;
..\..\world\azeroth\theblastedlands\passivedoodads\bones\blastedlandsskull01.m2;19130.92578125;75.9523696899414;21557.984375;0;103.40090942382812;0;;1.068359375;376777;m2;190439;0;
..\..\world\azeroth\theblastedlands\passivedoodads\bones\blastedlandsskull01.m2;19132.005859375;75.9523696899414;21559.796875;0;299.0733642578125;0;;0.9814453125;376776;m2;190439;0;
..\..\world\generic\human\passivedoodads\armor\armorhelmbluevisorup.m2;18834.13671875;-40.1183967590332;21721.169921875;0;45.707855224609375;0;;1;355130;m2;197870;0;
..\..\world\generic\human\passivedoodads\armor\armorleatherhelmblack.m2;18841.107421875;-40.54935073852539;21727.107421875;9.499999046325684;129.06939697265625;2.000000476837158;;1;355148;m2;197881;0;
..\..\world\generic\human\passivedoodads\armor\armorhelmbluevisordown.m2;18837.4765625;-39.25815200805664;21730.203125;10;184.004638671875;-3.000000238418579;;1;355129;m2;197869;0;
..\..\world\generic\orc\passivedoodads\jars\jarorc03.m2;19163.892578125;83.51976013183594;21808.640625;0;43.5;0;;0.7998046875;483269;m2;199181;0;
..\..\world\generic\orc\passivedoodads\jars\jarorc03.m2;19190.18359375;84.94705963134766;21821.466796875;0;0;0;;1;483259;m2;199181;0;
..\..\world\azeroth\theblastedlands\passivedoodads\bones\blastedlandsbone01.m2;19131.603515625;75.9523696899414;21561.763671875;0;284.8841857910156;0;;1.09375;376772;m2;190436;0;
..\..\world\azeroth\theblastedlands\passivedoodads\bones\blastedlandsbone01.m2;19136.55859375;75.9523696899414;21562.263671875;0;300.0457763671875;0;;1.0400390625;376774;m2;190436;0;
..\..\world\azeroth\theblastedlands\passivedoodads\bones\blastedlandsbone01.m2;19131.830078125;75.9523696899414;21556.529296875;0;112.48148345947266;0;;1.015625;376775;m2;190436;0;
..\..\world\azeroth\theblastedlands\passivedoodads\bones\blastedlandsbone01.m2;19133.55859375;75.9523696899414;21562.224609375;0;347.6839599609375;0;;0.8818359375;376773;m2;190436;0;
..\..\world\azeroth\theblastedlands\passivedoodads\bones\blastedlandsbone01.m2;19132.9140625;75.9523696899414;21559.58203125;0;211.08676147460938;0;;0.7958984375;376771;m2;190436;0;
..\..\world\wmo\dungeon\kl_razorfen\razorfenkraul.wmo;18679.22265625;87.29327392578125;21512.216796875;0;224.99998474121094;0;0;1;270107;wmo;109518;0;Set_$DefaultGlobal
..\..\world\wmo\elevators\thousandneedleselevator\thousandneedleselevator.wmo;18905.794921875;-52.47187042236328;21733.08203125;0;343.5;0;0;1;283429;wmo;112647;0;Set_$DefaultGlobal
..\..\world\wmo\kalimdor\buildings\quillboar\ladder.wmo;19116.14453125;107.24539184570312;21354.6328125;8.5;349.5;3.500000238418579;0;1;374679;wmo;113110;0;Set_$DefaultGlobal
..\..\world\wmo\kalimdor\buildings\quillboar\wallhut.wmo;19119.619140625;101.86844635009766;21357.560546875;0;9;0;0;1;374680;wmo;113112;0;Set_$DefaultGlobal
..\..\world\wmo\kalimdor\buildings\quillboar\wallhut2.wmo;19075.736328125;104.7645263671875;21371.41015625;6.000000476837158;232.5;0.5;0;1;374686;wmo;113113;0;Set_$DefaultGlobal
..\..\world\wmo\kalimdor\buildings\quillboar\ladder.wmo;19080.447265625;98.9826431274414;21369.09375;0;71;0;0;1;374688;wmo;113110;0;Set_$DefaultGlobal
..\..\world\wmo\kalimdor\buildings\quillboar\wallhut.wmo;19194.18359375;89.71473693847656;21369.103515625;0;329.5;0;0;1;374690;wmo;113112;0;Set_$DefaultGlobal
..\..\world\wmo\kalimdor\buildings\quillboar\wallhut2.wmo;19136.1015625;106.54328155517578;21415.296875;0;334.5;0;0;1;374695;wmo;113113;0;Set_$DefaultGlobal
..\..\world\wmo\kalimdor\buildings\quillboar\wallhut.wmo;19171.666015625;92.19063568115234;21424.09765625;0;137.5;0;0;1;374699;wmo;113112;0;Set_$DefaultGlobal
..\..\world\wmo\kalimdor\buildings\quillboar\ladder.wmo;19172.763671875;97.83151245117188;21427.390625;16.000001907348633;148.5;-6.500001907348633;0;1;374700;wmo;113110;0;Set_$DefaultGlobal
..\..\world\wmo\kalimdor\buildings\quillboar\hut.wmo;19137.9921875;75.95262145996094;21551.3984375;0;302.6682434082031;0;0;1;374764;wmo;113108;0;Set_$DefaultGlobal
..\..\world\wmo\kalimdor\buildings\quillboar\wallhut.wmo;19174.07421875;99.17741394042969;21730.10546875;0;129.0316162109375;0;0;1;374876;wmo;113112;0;Set_$DefaultGlobal
..\..\world\wmo\kalimdor\buildings\quillboar\ladder.wmo;19176.62890625;104.64378356933594;21730.66015625;9;118.81873321533203;-2.499999761581421;0;1;374877;wmo;113110;0;Set_$DefaultGlobal
..\..\world\wmo\kalimdor\buildings\quillboar\hut.wmo;19212.685546875;90.06966400146484;21652.25390625;0;310.9801025390625;0;0;1;374886;wmo;113108;0;Set_$DefaultGlobal
..\..\world\wmo\kalimdor\buildings\taurenhuts\taurenhutc.wmo;19157.078125;83.51976013183594;21805.6875;0;43;0;0;1;483264;wmo;113167;0;Set_$DefaultGlobal
..\..\world\wmo\dungeon\md_caveden\md_warmden.wmo;19208.486328125;86.6928482055664;21819.865234375;0;335.5;0;0;1;491970;wmo;110512;0;Set_$DefaultGlobal
..\..\world\wmo\dungeon\kl_razorfen\razorfen_canopy_flyover.wmo;18556.345703125;92.64540100097656;21384.806640625;0;359.5;0;0;1;70004670;wmo;250241;1;set_thorns
